10 3
100 15.0333
200 21.8403
300 27.2947
400 29.6816
500 34.0147
600 38.6264
700 40.6079
800 44.3847
900 47.4236
1000 51.6236
10 4.12311
100 15.6525
200 23.0868
300 32.7567
400 36.1386
500 38.9102
600 44.911
700 50.9902
800 52.8867
900 56.3205
1000 61.3514
10 3
100 11.4018
200 17.6918
300 22.1359
400 26.8328
500 31.0644
600 33.8378
700 35.8469
800 40.2616
900 44.2945
1000 45.6508
10 4.12311
100 13.0384
200 19.0263
300 28.0713
400 33.3766
500 37.9473
600 41.1461
700 45.618
800 48.3322
900 52.9245
1000 58.3095
10 3
100 13.6015
200 18.6815
300 22.3607
400 28.1603
500 33.0606
600 34.0588
700 42.0476
800 47.0956
900 52.0096
1000 58.0086
10 4.12311
100 15
200 22.6716
300 28.3196
400 36.2353
500 40.8044
600 44.4072
700 49.7393
800 51.4296
900 55.0364
1000 59.2368
10 3.60555
100 13.1529
200 18.6815
300 23.7697
400 27.0185
500 29.8329
600 33.7343
700 39.0512
800 42.0476
900 44.1022
1000 48.0937
10 3.16228
100 12.0416
200 19.105
300 24.3516
400 27.8927
500 31.305
600 38.4708
700 42.72
800 45.8039
900 48.0104
1000 50.8035
10 5
100 17.0294
200 21.6333
300 26.6833
400 30.2324
500 33.0151
600 36.4005
700 42.0595
800 44.7772
900 55.0091
1000 56.3649
10 3.16228
100 15
200 19.105
300 24.6982
400 29.0689
500 34.9285
600 41.2311
700 42.9535
800 47.0744
900 50.01
1000 50.636
10 4
100 18.2483
200 28.1603
300 34.9285
400 38.0132
500 41.0122
600 42.0476
700 45.4863
800 50.6063
900 52.8015
1000 55
10 3.60555
100 14.0357
200 19.105
300 26.4008
400 29.8329
500 35.4683
600 39.0512
700 41.0488
800 47.0106
900 52.6308
1000 53.2635
10 3.60555
100 12.53
200 18.6011
300 24.8395
400 30.6105
500 31.9061
600 35.5106
700 42.5441
800 48.8774
900 50.2195
1000 55.4617
10 3.60555
100 11.0454
200 18.9737
300 23.7697
400 27.0185
500 31.0161
600 35.4683
700 38.2753
800 43.8292
900 45.618
1000 46.6154
10 6.08276
100 13.4164
200 20.6155
300 24.4131
400 27.313
500 31.305
600 34.7851
700 36.4005
800 39.2173
900 43.1045
1000 46.0435
10 3.60555
100 13.1529
200 19.4165
300 26.0192
400 32.0156
500 34.0147
600 37
700 41
800 43.2897
900 47.0744
1000 49.0306
10 4.12311
100 16.1245
200 21.2132
300 25.02
400 31.1448
500 35.1283
600 37.3363
700 40.3113
800 42.5793
900 44.1475
1000 47.8853
10 3.16228
100 14.3178
200 20.2237
300 26.4764
400 29.2746
500 30.8058
600 33.0151
700 37
800 39.8497
900 42.19
1000 43.8292
10 2.82843
100 12.6491
200 20.3961
300 24.7386
400 32.0624
500 40.7922
600 45.8912
700 48.0521
800 49.0408
900 51.2445
1000 51.2445
10 4.12311
100 16.0312
200 21.4009
300 32.311
400 36.2491
500 40.2492
600 43.8292
700 45.2769
800 48.8774
900 50.8035
1000 52.0096
10 2.23607
100 16
200 25.4951
300 31.4006
400 32.5576
500 41.2311
600 45.2217
700 49.3356
800 52.811
900 54.7814
1000 60.5392
10 4
100 15.0333
200 22.2036
300 30.5941
400 38.2753
500 42.72
600 45.8803
700 45.8803
800 51.1077
900 55.109
1000 56.2939
10 5
100 16.9706
200 25.7099
300 30.4138
400 33.541
500 39.3192
600 41.6173
700 44.7214
800 49.4975
900 52.3259
1000 54.4243
10 2.82843
100 17.1172
200 24.1868
300 27.1662
400 33.121
500 34.4819
600 37.4833
700 39.4588
800 42.9418
900 46.3249
1000 49.7393
10 5.38516
100 16.2788
200 25.4951
300 31.4006
400 36.1248
500 40.3113
600 44.5533
700 48.0104
800 50.01
900 57.0088
1000 65.123
10 4
100 12.6491
200 21.095
300 25.5539
400 28.8444
500 37.2022
600 40.2244
700 42.72
800 49.7393
900 55.4617
1000 58.3095
10 2.23607
100 12.0416
200 20.6155
300 26
400 31.6228
500 36.4005
600 41
700 45.3542
800 49.3356
900 54.1202
1000 55.9732
10 4
100 13.6015
200 19.4165
300 27.313
400 27.8568
500 32.6497
600 36.4966
700 40.025
800 42.2966
900 46.0977
1000 47.1699
10 3.16228
100 16.0312
200 29
300 36.0555
400 40.3113
500 47.2652
600 52.6118
700 54.9181
800 59.2284
900 62.5859
1000 65.1153
10 3.16228
100 16.7631
200 22.8473
300 27.7308
400 30.4631
500 33.8378
600 37.2156
700 39.9625
800 43.8292
900 44.2945
1000 46.6154
10 4.12311
100 13.6015
200 20.6155
300 29.2062
400 32.2025
500 38.2884
600 41.7253
700 43.8634
800 46.2277
900 49.2037
1000 49.8197
10 4
100 16.0312
200 18.1108
300 21.2132
400 27.0185
500 33.4215
600 35.3553
700 40.8167
800 42.5441
900 43.382
1000 46.0977
10 3.60555
100 12.6491
200 17.1172
300 22.0907
400 24.3516
500 29.0689
600 34.1321
700 36.1248
800 41.0122
900 43.0465
1000 47.0106
10 3.60555
100 15.2643
200 21.5407
300 32.7567
400 40.025
500 42.9535
600 45.2217
700 48.2597
800 50.3289
900 54.1479
1000 57.2189
10 3
100 12.0416
200 21.095
300 26.0768
400 28.3019
500 32.6497
600 34.8281
700 37.7359
800 41.8808
900 44.6542
1000 51.0784
10 5.09902
100 12.8062
200 19.105
300 23.0217
400 29.4109
500 31.9061
600 35.2278
700 38.833
800 41.9762
900 46.3249
1000 48.5077
10 4.47214
100 16.1245
200 20.6155
300 26.3059
400 31.1448
500 34.2345
600 39.3192
700 42.2966
800 45.2769
900 48.2597
1000 53.1507
10 4
100 17.1172
200 28.4429
300 34.1321
400 37.0135
500 40.1123
600 44.1022
700 46.0435
800 49.163
900 50.3587
1000 51.3517
10 3
100 15.2971
200 22.8035
300 30
400 35.2278
500 39.4462
600 45.8803
700 48.1041
800 52.3546
900 55.0727
1000 56.8243
10 4.47214
100 15.1327
200 22.0227
300 30.4795
400 35
500 38.4187
600 43.1856
700 46.2277
800 48.0521
900 50.2494
1000 53.7122
10 4
100 12
200 22.0227
300 26.5707
400 29.0689
500 33.1361
600 37.3363
700 41.3038
800 43.8634
900 47.7598
1000 49.98
10 3.16228
100 16.1555
200 24.6982
300 30.2324
400 36.2353
500 40.7185
600 47.0106
700 50.8035
800 54.4059
900 58.2495
1000 62.1691
10 4.47214
100 14.1421
200 22.3607
300 29
400 37.0135
500 40.05
600 46.0977
700 48.2597
800 53.3104
900 57.2451
1000 62.6259
10 4
100 13.4536
200 19.3132
300 23.7697
400 30.0832
500 32.45
600 35.8469
700 39.5601
800 42.5441
900 48.3322
1000 52
10 4
100 13.4536
200 18.0278
300 25
400 32
500 35.0143
600 38.0526
700 40.1123
800 43.8634
900 46.6905
1000 48.1041
10 4.12311
100 18.1108
200 32.3883
300 40.1995
400 47.3814
500 50.4876
600 53.0848
700 57.0351
800 61.0737
900 63.0079
1000 65.0077
10 3
100 12.083
200 21.095
300 25.4951
400 28.6531
500 32.2025
600 34.8281
700 36.8782
800 42.0595
900 45.793
1000 48.2597
10 4
100 12.2066
200 20.6155
300 27.5136
400 34.9285
500 40.5216
600 42.72
700 48.3735
800 52.0865
900 53.0848
1000 59.0339
10 4.12311
100 12.7279
200 20.0998
300 23.3452
400 29.1548
500 32.249
600 35.0571
700 37.7359
800 40.7185
900 44.1022
1000 47.0956
10 3.60555
100 13.4536
200 19.2354
300 26.4764
400 28.2843
500 31.0161
600 34.2345
700 39.3192
800 42.2966
900 45.2769
1000 49.0408
10 4.47214
100 15.1327
200 22.2036
300 28.4605
400 32.311
500 36.4005
600 39.4462
700 44.7772
800 48.3735
900 49.93
1000 53.3385
10 3.60555
100 16.5529
200 23.2594
300 29.2062
400 32.0156
500 36.4966
600 41.4367
700 42.7551
800 49.0102
900 56.1427
1000 57.1402
10 3
100 15.6205
200 19.7231
300 27.8568
400 29.7321
500 32.6497
600 38.9102
700 43.8634
800 50.5668
900 52.3259
1000 52.8015
10 3.16228
100 14.3178
200 20
300 23.3238
400 27.8927
500 31.5753
600 35.1283
700 38.2753
800 43.3244
900 48.0833
1000 49.6488
10 3.60555
100 13.0384
200 21.3776
300 28.2843
400 36.0139
500 40
600 44.0114
700 46.0109
800 51.0392
900 51.0392
1000 53.8516
10 2.82843
100 18.2483
200 25.7099
300 29.5466
400 33.5261
500 36.7696
600 39.3192
700 46.3897
800 49.4975
900 52.1728
1000 55.7315
10 4.12311
100 13.0384
200 19.105
300 24.5153
400 29.0689
500 31.4006
600 36.1248
700 40.3609
800 43.1856
900 45.3431
1000 50.448
10 5
100 11.4018
200 16.7631
300 21.5407
400 24.7386
500 31.5753
600 38.833
700 42.45
800 45.5412
900 47.0744
1000 51.6624
10 5
100 13.6015
200 21.4009
300 28.6007
400 31.8277
500 33.9706
600 37.4833
700 41.8688
800 45.8912
900 51.614
1000 55.6058
10 3.16228
100 11.1803
200 20.3961
300 28.1603
400 31.5753
500 36.6879
600 42.9535
700 47.8539
800 48.5077
900 52.2015
1000 55.3624
10 3.16228
100 13.8924
200 21.1896
300 27.074
400 33.2415
500 36.6879
600 37.9473
700 42.4264
800 45.5412
900 51.3517
1000 54.5894
10 2.23607
100 14.3178
200 20.8087
300 25.632
400 31.9531
500 39.9249
600 43.3244
700 49.7293
800 55.7853
900 61.0983
1000 64.0312
10 4.12311
100 14.3178
200 23.4307
300 29.0172
400 34.2053
500 37.2022
600 40.4969
700 47.8539
800 49.2443
900 53.8516
1000 55.1543
10 3.16228
100 14.3178
200 21.9317
300 25.02
400 29.0689
500 34
600 39.0512
700 41.2311
800 44.5533
900 49.6488
1000 54.1202
10 5.38516
100 16.0312
200 21.8403
300 29.1548
400 33.2415
500 39.5601
600 42.3792
700 45.31
800 48.7545
900 50.5371
1000 53.8516
10 3.16228
100 19.2094
200 30.8707
300 34.9285
400 40.8044
500 46.5725
600 53.8516
700 55.6597
800 57.8705
900 63.6396
1000 69.4622
10 4.12311
100 15.2971
200 20.6155
300 24.6982
400 28.8617
500 31.6228
600 34.4093
700 39.6611
800 42.9418
900 47.8853
1000 50.6063
10 2.23607
100 14.2127
200 22.8254
300 24.7386
400 28.4253
500 32.2025
600 36.0555
700 41.7732
800 45.1774
900 48.3735
1000 50.1597
10 5
100 14.8661
200 20.8806
300 24.6982
400 29.1548
500 34.4384
600 39.5601
700 42.0595
800 45.5412
900 49.3964
1000 51.264
10 3.60555
100 11.1803
200 20.025
300 23.7065
400 31.257
500 38.2099
600 40.7922
700 42.4264
800 46.0977
900 50.04
1000 57.0088
10 3
100 13.4164
200 18.6815
300 25.318
400 28.7924
500 35.1283
600 37.1214
700 40.1123
800 42.107
900 46.1736
1000 48.0937
10 3.60555
100 16.0312
200 24.0832
300 31.0644
400 32.1403
500 35.2278
600 39.2046
700 41.1096
800 46.0435
900 49.0918
1000 51.2445
10 2.23607
100 13.4536
200 21.4709
300 27.2029
400 32.7567
500 34.9285
600 37.1618
700 42.638
800 46.2277
900 49.0408
1000 50.9902
10 5
100 13.0384
200 18.9737
300 26.2488
400 31.1448
500 34.9285
600 37.3363
700 41.1947
800 44.1022
900 46.0435
1000 54.0833
10 3.16228
100 16.1245
200 23.1948
300 28.0713
400 34.0588
500 35.3553
600 38.0526
700 41.1947
800 46.1736
900 48.5077
1000 51.4782
10 2.23607
100 18.6815
200 26.3059
300 32.3883
400 33.541
500 39.3192
600 45.5412
700 47.676
800 50.8035
900 52.6118
1000 57.0789
10 4
100 14.3178
200 19.105
300 28.3019
400 34.8855
500 38.0132
600 44.0114
700 49.0102
800 53.0094
900 54.0833
1000 55.2268
10 2.23607
100 21.587
200 33.9559
300 38.6005
400 45.607
500 50.448
600 53.7122
700 58.3095
800 60.1664
900 64.1405
1000 67.4166
10 3
100 14.2127
200 21.9317
300 27.6586
400 34.7131
500 41.7732
600 45.607
700 52.1728
800 55.9017
900 60.8276
1000 62.8013
10 3
100 15.6525
200 22.3607
300 28.2843
400 32.9848
500 39.8121
600 45.3542
700 48.8365
800 50.9902
900 54.1295
1000 57.0088
10 3
100 14
200 19.7231
300 25.4951
400 31.7805
500 37.855
600 39.0512
700 42.9535
800 42.9535
900 47.4236
1000 52.8015
10 2.82843
100 13
200 23.0217
300 30.5941
400 33.7343
500 39.0512
600 42.0476
700 45.0444
800 46.0977
900 53.0377
1000 53.0377
10 4
100 15.8114
200 19.3132
300 31.0161
400 36.0555
500 40.3113
600 46.2709
700 47.3814
800 51.1566
900 54.1479
1000 56.3205
10 4
100 14.1421
200 22.2036
300 28.4253
400 36.4005
500 41.6773
600 46.3249
700 48.4149
800 52.0096
900 53.2353
1000 55.0091
10 4
100 15
200 20.0998
300 22.2036
400 27.5136
500 34.2053
600 37.108
700 43.1741
800 45.3982
900 52.0096
1000 55.1453
10 4
100 14.0357
200 20.025
300 24.0208
400 29
500 33.2415
600 37.4833
700 42.4264
800 48.1664
900 51.8556
1000 54.037
10 3.16228
100 15.5242
200 25.7099
300 30.0832
400 34
500 37.5899
600 41.5933
700 46.0977
800 50.6952
900 54.231
1000 55.8659
10 3.16228
100 14.5602
200 19.9249
300 27.6586
400 32.7567
500 37.6563
600 42.7551
700 46.2709
800 47.1699
900 51.2445
1000 54.0833
10 3.16228
100 12.1655
200 20.6155
300 24.5153
400 27.6586
500 31.1448
600 35.6931
700 39.3192
800 44.2832
900 48.0416
1000 52.0865
10 2.82843
100 16
200 22.0907
300 29.4109
400 33.8378
500 39.3954
600 44.0114
700 47.5395
800 54.231
900 56.8595
1000 63.0635
10 4.12311
100 14.8661
200 22.0227
300 27.4591
400 30.0167
500 33.541
600 36.3456
700 39.0512
800 47.0106
900 50.6952
1000 52.8015
10 4
100 22.0907
200 29
300 38.0132
400 44.2832
500 49.366
600 51.4782
700 54.4518
800 61.4003
900 64.0703
1000 70.0643
10 4.12311
100 19.4165
200 25.4951
300 31.5753
400 37.054
500 40.1995
600 45.0999
700 50.3587
800 53.4603
900 54.4518
1000 59.5399
10 3.60555
100 14.3178
200 23.3452
300 29
400 32.1403
500 35.0571
600 38.0526
700 41.0122
800 44.3847
900 47.8017
1000 50.01
10 4.47214
100 16.1245
200 21.9545
300 26.2488
400 31.6228
500 39.8497
600 42.45
700 45.7056
800 49.366
900 52.4976
1000 55.3624
10 3
100 15.1327
200 26.4764
300 30.4631
400 34.176
500 38.4708
600 42.5793
700 46.6905
800 53.1507
900 55.109
1000 58.6941
10 4.12311
100 12.3693
200 21.5407
300 29.4109
400 34.4819
500 36.6742
600 37.6563
700 39.4588
800 42.0595
900 44.9222
1000 49.3356
10 4.12311
100 13.3417
200 20.2237
300 28.1603
400 34.2345
500 37.4833
600 41.7732
700 45.3982
800 48.3735
900 49.366
1000 53.3385
10 3.60555
100 14.1421
200 21.9317
300 26.1725
400 31.4006
500 34.4819
600 38.6264
700 40.7185
800 44.1022
900 48.2597
1000 51.4004
10 3.16228
100 14.1421
200 21.0238
300 28.0179
400 32.0156
500 35.0571
600 41.3038
700 45.0111
800 47.0425
900 50.04
1000 52.345
