50 9.05539
500 31.5753
1000 48.2701
1500 62.9682
2000 73.0068
2500 87.2983
3000 94.8314
3500 105.262
4000 111.571
4500 119.641
5000 127.613
50 9.21954
500 31.5753
1000 49.4975
1500 72.0625
2000 80
2500 87.0057
3000 93.2631
3500 101.045
4000 110.005
4500 119.004
5000 126.254
50 10.0499
500 28.6356
1000 48.0416
1500 59.439
2000 73.8241
2500 91.7878
3000 104.809
3500 113.991
4000 121.655
4500 130.817
5000 138.246
50 8.94427
500 41.3038
1000 57.2189
1500 75.1665
2000 88.5664
2500 98.2497
3000 105.076
3500 112.45
4000 120.839
4500 131.107
5000 136.33
50 7.07107
500 34.0588
1000 53.4603
1500 63.5059
2000 83.8153
2500 92.2659
3000 104.695
3500 110.725
4000 118.207
4500 127.193
5000 134.183
50 10.4403
500 33.6155
1000 50.636
1500 62.3699
2000 76.9025
2500 86.8332
3000 96.8401
3500 106.888
4000 119.854
4500 130.05
5000 137.931
50 12.1655
500 42.0476
1000 63.1506
1500 75.9276
2000 85.8429
2500 92.6553
3000 103.817
3500 109.49
4000 117.239
4500 120.934
5000 130.614
50 9.05539
500 33.3766
1000 50.448
1500 65.8559
2000 74.0608
2500 87.818
3000 100.17
3500 108.559
4000 116.4
4500 129.097
50 10.2956
500 41.4367
1000 60.8358
1500 73.9256
2000 89.0505
2500 96.6644
3000 106.32
3500 113.759
4000 119.57
4500 122.972
5000 128.062
50 8.60233
500 38.0789
1000 62.8172
1500 82.4621
2000 99.7246
2500 112.641
3000 127.13
3500 140.246
4000 149.897
4500 155.939
5000 162.561
50 9.05539
500 30.2655
1000 48.0521
1500 61.131
2000 75.1066
2500 84.8528
3000 94.0053
3500 101.592
4000 108.074
4500 114.355
5000 122.776
50 11.1803
500 35.2278
1000 61.131
1500 81.0062
2000 99.0202
2500 114
3000 124.036
3500 127.252
4000 134.082
4500 145.774
5000 153.639
50 8.06226
500 31.6228
1000 46.6154
1500 62.7694
2000 72.7324
2500 80.9568
3000 85.8662
3500 94.8314
4000 105.323
4500 111.4
5000 121.413
50 12.0416
500 40.0125
1000 56.3649
1500 69.6419
2000 82.7345
2500 94.3663
3000 103.368
3500 111.086
4000 123.568
4500 132.004
5000 140.73
50 12.0416
500 41.6293
1000 54.626
1500 66.5733
2000 76.3217
2500 87
3000 98.0204
3500 104.005
4000 106.381
4500 118.106
5000 121.807
50 10.7703
500 38.0789
1000 52.0096
1500 72.0069
2000 76.1052
2500 84.2912
3000 93.0054
3500 100.623
4000 108.503
4500 120.354
5000 127.906
50 9.48683
500 34.176
1000 53.6656
1500 65.6201
2000 74.108
2500 85.0941
3000 96.0052
3500 107.448
4000 113
4500 120.017
5000 133.821
50 12
500 36.8917
1000 54.6717
1500 68.593
2000 79.2465
2500 90.7855
3000 104.019
3500 114.215
4000 121.4
4500 129.808
5000 134.466
50 12.0416
500 33.3766
1000 46.8722
1500 62.6418
2000 78.339
2500 91.0934
3000 107.448
3500 120.071
4000 130.05
4500 139.445
5000 144.734
50 9.21954
500 34.7131
1000 56.3205
1500 68.2642
2000 79.0253
2500 89.202
3000 105.076
3500 120.037
4000 128.062
4500 133.004
5000 139.607
50 8.544
500 35.2278
1000 52.0384
1500 67.4759
2000 75.8024
2500 88.8144
3000 103.73
3500 112.058
4000 120.208
4500 128.81
5000 133.81
50 10
500 37.1214
1000 54.0833
1500 67.4463
2000 80.604
2500 91.9837
3000 106.738
3500 116.914
4000 125.634
4500 132.004
5000 141.4
50 10.0499
500 37.5366
1000 53.535
1500 67.8012
2000 83.2166
2500 98.4733
3000 111.503
3500 124.278
4000 136.213
4500 143.224
5000 148.405
50 10.198
500 35.9026
1000 59.6154
1500 70.5195
2000 81.3941
2500 89.0674
3000 100.02
3500 110.218
4000 115.317
4500 125.603
5000 133.507
50 8.06226
500 37.2156
1000 52.0865
1500 67
2000 82.2192
2500 96.2549
3000 109.165
3500 122.201
4000 126.479
4500 134.35
5000 141.057
50 11.7047
500 33.7343
1000 56.3028
1500 68.9493
2000 83.678
2500 98.0306
3000 109.202
3500 114.477
4000 122.784
4500 134.164
5000 138.852
50 8.48528
500 38.2753
1000 55.0273
1500 64.846
2000 74.7262
2500 88.0568
3000 98.4886
3500 105.537
4000 121.598
4500 131.214
5000 136.795
50 11.1803
500 40.1995
1000 55.4437
1500 66.3702
2000 74.5185
2500 84.214
3000 98.0816
3500 106.405
4000 113.455
4500 121.248
5000 131.522
50 8.60233
500 36.2215
1000 55.9017
1500 74.1485
2000 82.7345
2500 95.5249
3000 101.494
3500 113.442
4000 119.52
4500 125.539
5000 131
50 8.24621
500 41.4367
1000 54.4243
1500 68.9493
2000 80.7775
2500 95.6033
3000 105.361
3500 113.842
4000 120.905
4500 130.545
5000 139.463
50 8.06226
500 35.8469
1000 54.231
1500 69.2604
2000 86.3134
2500 97.1648
3000 107.28
3500 115.948
4000 123.713
4500 130.3
5000 141.039
50 12.8062
500 40.3609
1000 54.4518
1500 70.8378
2000 79.2465
2500 91.7061
3000 106.452
3500 113.719
4000 122.674
4500 132.74
5000 140.161
50 8.94427
500 30.6757
1000 42.4853
1500 54.2033
2000 62.0967
2500 71.5612
3000 81.9329
3500 92.358
4000 102.927
4500 109.275
5000 115.974
50 9.05539
500 34.2053
1000 53.8516
1500 70.6045
2000 83.3847
2500 88.6002
3000 95.2103
3500 104.547
4000 116.056
4500 126.143
5000 133.54
50 9.48683
500 38.8973
1000 56.5685
1500 65.0692
2000 76.5506
2500 85.6154
3000 92.1141
3500 101.651
4000 109.636
4500 115.966
5000 121.491
50 8.24621
500 32.5576
1000 50.3289
1500 62.3699
2000 73
2500 79.6053
3000 89.8109
3500 103.74
4000 112.792
4500 123.033
5000 134.406
50 8.94427
500 38.833
1000 51.3128
1500 60.4401
2000 68.9638
2500 78.8923
3000 87.8465
3500 99.368
4000 107.415
4500 113.877
5000 123.406
50 8.06226
500 32.6497
1000 49.163
1500 62.0322
2000 73.5527
2500 82.0366
3000 97.0824
3500 107.019
4000 120.017
4500 125.064
5000 133.06
50 8.06226
500 32.7567
1000 52.7731
1500 65.192
2000 79.7559
2500 85.4225
3000 95.0789
3500 105.109
4000 115.434
4500 125.252
5000 132.189
50 8.48528
500 35.5106
1000 50.6063
1500 59.5483
2000 72.2496
2500 80.1561
3000 85.6037
3500 94.0213
4000 102.303
4500 108.374
5000 113.217
50 9.89949
500 40.5216
1000 54.4243
1500 68.0074
2000 78.4347
2500 88.5438
3000 95.462
3500 105.683
4000 112.089
4500 118.663
5000 123
50 10.198
500 37.3363
1000 60.0333
1500 76.0066
2000 88.0909
2500 106.231
3000 118.271
3500 126.099
4000 138.091
4500 144.087
5000 154.081
50 8.06226
500 35.9026
1000 52.1536
1500 65.4905
2000 73.6817
2500 84.0119
3000 92.228
3500 104.393
4000 112.009
4500 123.26
5000 127.393
50 12.083
500 42.45
1000 64.0781
1500 77.4145
2000 90.7855
2500 96.6644
3000 108.503
3500 117.644
4000 126.811
4500 132.816
5000 142.948
50 7.81025
500 37.4833
1000 68.469
1500 82.3893
2000 96.1769
2500 108.503
3000 124.31
3500 135.34
4000 140.801
4500 149.656
5000 158.619
50 10.6301
500 36.0139
1000 58.6941
1500 69.2604
2000 81.3941
2500 89.5545
3000 97.6934
3500 108.074
4000 112.294
4500 124.016
5000 127.283
50 13.6015
500 35.805
1000 50.2494
1500 73.2393
2000 86.2148
2500 97.8008
3000 104.043
3500 108.724
4000 117.593
4500 125.603
5000 137.011
50 8.06226
500 38.0132
1000 51.4296
1500 66.2193
2000 80.6226
2500 92.4446
3000 104.293
3500 113.78
4000 119.641
4500 127.098
5000 130.943
50 8.94427
500 42.4264
1000 59
1500 76.0066
2000 90.0056
2500 99.0051
3000 107.117
3500 115.256
4000 122.147
4500 135.871
5000 141.598
50 9.21954
500 42.107
1000 58.3095
1500 70.0286
2000 83.0542
2500 94.0213
3000 110.041
3500 118.068
4000 124.788
4500 132.371
5000 140.602
