5 1.41421
10 3.16228
15 3.60555
20 6.32456
25 6.40312
30 6.7082
35 8.60233
40 9.21954
45 9.21954
50 10
55 10.198
60 11.0454
65 13.0384
70 13.1529
75 14
80 14
85 14.1421
90 14.1421
95 14.2127
100 14.2127
105 15.6205
110 16.4012
115 17.0294
120 18.3848
125 18.3848
130 18.3848
135 18.3848
140 18.3848
145 19.105
150 19.105
155 19.105
160 19.799
165 20.5183
170 20.5183
175 20.5183
180 21.2603
185 21.9317
190 22.6716
195 22.6716
200 22.6716
205 23.3452
210 24.0416
215 24.0416
220 24.0416
225 25.4951
230 26.1725
235 26.8701
240 26.8701
245 26.8701
250 26.8701
255 26.8701
260 26.8701
265 27.5862
270 27.5862
275 28.2843
280 28.2843
285 28.2843
290 29
295 29.7321
300 29.7321
305 29.7321
310 30.4795
315 30.4795
320 30.4795
325 30.4795
330 30.4795
335 30.4795
340 30.4795
345 30.4795
350 30.4795
355 30.4795
360 30.4795
365 30.4795
370 31.241
375 31.241
380 31.241
385 31.241
390 31.241
395 31.241
400 31.241
405 31.241
410 31.241
415 31.241
420 32.0156
425 32.0156
430 32.0156
435 32.8024
440 32.8024
445 33.6006
450 33.6006
455 33.6006
460 34.4093
465 35.2278
470 35.2278
475 35.2278
480 35.2278
485 36.0555
490 36.0555
495 36.0555
500 36.0555
505 36.0555
510 36.8917
515 37.7359
520 37.7359
525 38.5876
530 38.5876
535 38.5876
540 38.5876
545 38.5876
550 38.5876
555 38.5876
560 38.5876
565 38.833
570 38.833
575 38.833
580 38.833
585 39.0128
590 40
595 40
600 40
605 40
610 40
615 40
620 41
625 42
630 42
635 42.0119
640 42.0595
645 42.0595
650 42.0595
655 42.0595
660 42.9418
665 43.0465
670 44.7214
675 44.7214
680 44.7214
685 44.7214
690 45.618
695 45.618
700 45.618
705 45.6946
710 46.0652
715 46.0652
720 46.2385
725 46.2385
730 46.2385
735 46.2385
740 46.5296
745 46.5296
750 46.6154
755 46.6154
760 46.6154
765 47.4131
770 47.4131
775 47.4131
780 47.4131
785 47.4131
790 48
795 49
800 49
805 49
810 49
815 49.0102
820 49.0102
825 49.0408
830 49.0408
835 50
840 50
845 50
850 50.01
855 50.01
860 50.01
865 50.01
870 50.0899
875 51.0098
880 51.0098
885 52.0096
890 52.0096
895 52.0096
900 52.0096
905 52.0096
910 52.0096
915 52.0096
920 52.0096
925 52.0096
930 52.0096
935 52.2015
940 53.0094
945 53.0094
950 54.0833
955 54.0833
960 55.0091
965 55.0091
970 55.0091
975 55.0273
980 57.0351
985 57.0351
990 57.0351
995 57.0351
1000 57.0351
1005 57.0351
1010 57.0351
1015 57.0351
1020 57.0351
1025 57.0351
1030 57.2451
1035 57.2451
1040 58.1893
1045 58.1893
1050 58.1893
1055 58.1893
1060 58.1893
1065 58.1893
1070 59.1354
1075 59.1354
1080 59.1354
1085 59.4643
1090 59.4643
1095 59.4643
1100 59.4643
1105 59.4643
1110 59.4643
1115 59.4643
1120 59.4643
1125 59.4643
1130 59.4643
1135 59.4643
1140 59.808
1145 59.808
1150 59.808
1155 59.808
1160 60.7454
1165 60.7454
1170 60.7454
1175 62.0322
1180 62.0322
1185 62.0322
1190 62.0322
1195 62.0322
1200 62.0322
1205 62.0322
1210 62.6418
1215 62.6418
1220 62.6418
1225 63.3246
1230 63.3246
1235 63.3246
1240 64.2573
1245 64.2573
1250 64.2573
1255 64.2573
1260 64.2573
1265 64.2573
1270 64.622
1275 64.622
1280 64.622
1285 64.622
1290 64.622
1295 64.622
1300 64.622
1305 64.622
1310 64.622
1315 64.622
1320 64.622
1325 64.622
1330 64.622
1335 64.622
1340 65
1345 65
1350 65
1355 65
1360 65.4905
1365 65.4905
1370 66.4831
1375 66.4831
1380 66.4831
1385 66.4831
1390 66.4831
1395 66.4831
1400 66.4831
1405 66.4831
1410 66.4831
1415 66.4831
1420 66.4831
1425 66.4831
1430 66.4831
1435 66.6108
1440 66.6108
1445 66.6108
1450 66.6108
1455 66.6108
1460 66.6108
1465 66.6108
1470 67.2681
1475 67.2681
1480 67.2681
1485 68.2642
1490 68.2642
1495 68.2642
1500 68.2642
1505 68.2642
1510 68.2642
1515 69.2604
1520 69.2604
1525 69.2604
1530 69.2604
1535 69.2604
1540 69.2604
1545 69.2604
1550 69.2604
1555 69.2604
1560 69.2604
1565 69.2604
1570 69.2604
1575 69.2604
1580 69.2604
1585 69.2604
1590 69.2604
1595 69.3542
1600 70.1142
1605 70.1142
1610 70.1142
1615 70.1142
1620 70.1142
1625 70.1142
1630 70.1142
1635 70.1142
1640 70.1142
1645 70.3491
1650 70.3491
1655 70.3491
1660 70.3491
1665 70.3491
1670 70.3491
1675 70.3491
1680 70.3491
1685 71.1688
1690 71.1688
1695 71.1688
1700 71.1688
1705 71.1688
1710 71.1688
1715 71.3863
1720 71.3863
1725 71.3863
1730 72.0278
1735 72.3671
1740 72.3671
1745 72.3671
1750 72.3671
1755 72.5672
1760 72.5672
1765 72.5672
1770 72.5672
1775 72.5672
1780 72.5672
1785 72.5672
1790 72.5672
1795 72.5672
1800 72.5672
1805 72.5672
1810 73.3485
1815 73.3485
1820 73.3485
1825 73.3485
1830 73.3485
1835 73.7631
1840 73.7631
1845 73.7631
1850 74.0405
1855 74.0405
1860 74.0405
1865 74.0405
1870 74.0405
1875 74.7262
1880 74.7262
1885 74.7262
1890 74.7262
1895 74.7262
1900 74.7262
1905 74.7262
1910 74.7262
1915 74.7262
1920 75.2861
1925 76.243
1930 76.243
1935 76.243
1940 76.243
1945 76.243
1950 76.243
1955 76.243
1960 76.243
1965 76.243
1970 76.243
1975 76.243
1980 76.243
1985 76.243
1990 76.243
1995 76.243
2000 76.243
2005 76.243
2010 76.243
2015 76.243
2020 76.243
2025 77.201
2030 77.201
2035 77.201
2040 77.201
2045 77.201
2050 77.201
2055 77.201
2060 77.201
2065 77.201
2070 77.201
2075 77.201
2080 77.4919
2085 77.4919
2090 77.4919
2095 77.4919
2100 77.4919
2105 77.4919
2110 77.4919
2115 77.4919
2120 77.4919
2125 77.4919
2130 77.4919
2135 77.4919
2140 77.7946
2145 77.7946
2150 77.7946
2155 78.4092
2160 78.4092
2165 78.4092
2170 78.4092
2175 78.4092
2180 78.4092
2185 78.4092
2190 78.4474
2195 78.4474
2200 78.4474
2205 78.4474
2210 78.4474
2215 78.4474
2220 78.4474
2225 78.4474
2230 78.4474
2235 79.3095
2240 79.3095
2245 79.3095
2250 79.3095
2255 79.6994
2260 80.6536
2265 80.6536
2270 80.6536
2275 80.6536
2280 80.6536
2285 80.6536
2290 80.6536
2295 80.6536
2300 80.6536
2305 80.6536
2310 80.6536
2315 80.6536
2320 80.6536
2325 80.6536
2330 80.6536
2335 81.3204
2340 81.3204
2345 81.3204
2350 81.3204
2355 81.3204
2360 81.3204
2365 81.3204
2370 81.3204
2375 81.3204
2380 81.3204
2385 82.201
2390 83.1865
2395 83.3607
2400 83.3607
2405 83.3607
2410 83.3607
2415 83.3607
2420 83.3607
2425 84.0119
2430 84.0119
2435 84.1724
2440 84.1724
2445 84.1724
2450 84.1724
2455 84.1724
2460 84.1724
2465 84.1724
2470 84.1724
2475 85.1587
2480 85.1587
2485 85.1587
2490 85.1587
2495 85.1587
2500 85.1587
2505 85.1587
2510 85.1587
2515 85.1645
2520 85.1645
2525 85.1645
2530 85.1645
2535 85.1645
2540 85.1645
2545 85.1645
2550 85.703
2555 85.703
2560 85.703
2565 85.703
2570 85.703
2575 85.703
2580 85.703
2585 85.703
2590 85.703
2595 85.703
2600 85.703
2605 86.1278
2610 86.1278
2615 87.0919
2620 87.0919
2625 87.0919
2630 87.0919
2635 87.3613
2640 87.3613
2645 87.3613
2650 87.3613
2655 87.3613
2660 87.6413
2665 87.6413
2670 87.6413
2675 87.6413
2680 88.2326
2685 88.2326
2690 88.3233
2695 88.3233
2700 88.3233
2705 88.3233
2710 88.3233
2715 88.3233
2720 88.3233
2725 88.3233
2730 88.3233
2735 88.3233
2740 88.3233
2745 88.3233
2750 88.3233
2755 88.3233
2760 88.459
2765 88.459
2770 88.459
2775 88.459
2780 88.6002
2785 88.6002
2790 88.6002
2795 88.6002
2800 89.4427
2805 89.4427
2810 89.4427
2815 89.4427
2820 89.4427
2825 89.5377
2830 89.5377
2835 89.5377
2840 89.8888
2845 89.8888
2850 89.8888
2855 89.8888
2860 89.8888
2865 89.8888
2870 89.8888
2875 90.2497
2880 90.2497
2885 90.2497
2890 90.2497
2895 90.2497
2900 90.2497
2905 90.2497
2910 90.5207
2915 91.4822
2920 91.4822
2925 91.4822
2930 91.4822
2935 92.4446
2940 92.4446
2945 92.4446
2950 92.4446
2955 92.4446
2960 92.4446
2965 92.4446
2970 92.72
2975 92.72
2980 92.72
2985 92.72
2990 92.72
2995 92.72
3000 92.72
3005 92.72
3010 92.72
3015 92.72
3020 92.72
3025 93.4077
3030 94.3716
3035 94.3716
3040 94.6414
3045 94.6414
3050 94.6414
3055 94.6414
3060 94.6414
3065 95.6033
3070 95.6033
3075 95.6033
3080 95.6033
3085 95.6033
3090 95.6033
3095 95.6033
3100 95.6033
3105 95.6033
3110 95.6033
3115 95.6033
3120 95.6033
3125 95.6033
3130 95.6033
3135 95.6033
3140 95.6033
3145 95.6033
3150 95.6033
3155 96.566
3160 96.566
3165 96.566
3170 96.566
3175 96.566
3180 98.4937
3185 98.4937
3190 98.4937
3195 98.4937
3200 98.4937
3205 98.4937
3210 98.4937
3215 99.4585
3220 99.4585
3225 99.4585
3230 99.4585
3235 99.4585
3240 99.4585
3245 99.4585
3250 99.4585
3255 100.424
3260 100.424
3265 100.424
3270 100.424
3275 100.424
3280 100.424
3285 100.424
3290 100.424
3295 100.424
3300 100.424
3305 100.424
3310 100.424
3315 100.424
3320 100.424
3325 100.424
3330 100.424
3335 100.688
3340 100.688
3345 100.688
3350 100.688
3355 100.688
3360 100.688
3365 100.688
3370 100.688
3375 100.688
3380 100.688
3385 100.688
3390 100.688
3395 100.688
3400 100.688
3405 100.688
3410 100.688
3415 100.688
3420 100.688
3425 100.688
3430 100.688
3435 100.688
3440 100.688
3445 100.688
3450 100.688
3455 100.688
3460 100.688
3465 100.688
3470 101.39
3475 101.39
3480 101.39
3485 101.39
3490 101.39
3495 101.39
3500 101.39
3505 101.39
3510 101.39
3515 101.39
3520 102.181
3525 102.181
3530 102.391
3535 102.391
3540 102.391
3545 102.391
3550 102.391
3555 102.391
3560 102.391
3565 102.391
3570 102.391
3575 102.391
3580 102.391
3585 102.391
3590 102.391
3595 102.391
3600 102.391
3605 102.391
3610 102.391
3615 102.391
3620 102.391
3625 102.391
3630 102.391
3635 102.611
3640 102.611
3645 102.611
3650 102.611
3655 102.611
3660 103.16
3665 103.16
3670 103.16
3675 103.16
3680 103.16
3685 103.16
3690 103.16
3695 103.16
3700 103.16
3705 103.16
3710 103.16
3715 103.16
3720 103.368
3725 103.368
3730 103.586
3735 103.586
3740 103.586
3745 103.586
3750 103.812
3755 103.812
3760 103.812
3765 103.812
3770 103.812
3775 103.812
3780 103.812
3785 103.812
3790 103.812
3795 103.812
3800 103.812
3805 103.812
3810 104.785
3815 105.759
3820 105.759
3825 105.991
3830 105.991
3835 105.991
3840 105.991
3845 105.991
3850 105.991
3855 105.991
3860 106.963
3865 106.963
3870 106.963
3875 106.963
3880 106.963
3885 106.963
3890 106.963
3895 106.963
3900 106.963
3905 106.963
3910 106.963
3915 106.963
3920 106.963
3925 106.963
3930 106.963
3935 106.963
3940 106.963
3945 106.963
3950 106.963
3955 106.963
3960 106.963
3965 106.963
3970 106.963
3975 106.963
3980 106.963
3985 106.963
3990 106.963
3995 106.963
4000 106.963
4005 107.28
4010 107.935
4015 107.935
4020 107.935
4025 107.935
4030 107.935
4035 108.908
4040 108.908
4045 108.908
4050 108.908
4055 108.908
4060 108.908
4065 108.908
4070 108.908
4075 108.908
4080 109.882
4085 109.882
4090 109.882
4095 109.882
4100 109.882
4105 109.882
4110 109.882
4115 109.882
4120 109.882
4125 109.882
4130 109.882
4135 109.882
4140 109.882
4145 109.882
4150 109.882
4155 109.882
4160 109.882
4165 109.882
4170 109.882
4175 109.882
4180 109.882
4185 109.882
4190 109.882
4195 109.882
4200 110.856
4205 110.856
4210 110.856
4215 110.856
4220 110.856
4225 111.83
4230 111.83
4235 111.83
4240 111.83
4245 111.83
4250 111.83
4255 111.83
4260 111.83
4265 111.83
4270 112.805
4275 113.78
4280 113.78
4285 113.78
4290 113.78
4295 113.78
4300 113.78
4305 114.004
4310 114.004
4315 114.756
4320 114.756
4325 114.756
4330 114.756
4335 114.756
4340 114.756
4345 114.756
4350 114.756
4355 114.756
4360 114.756
4365 114.756
4370 115.732
4375 115.732
4380 115.732
4385 115.732
4390 115.732
4395 115.732
4400 115.732
4405 115.732
4410 115.732
4415 115.732
4420 115.732
4425 115.732
4430 115.732
4435 115.732
4440 115.732
4445 115.732
4450 115.732
4455 115.732
4460 115.732
4465 115.732
4470 115.732
4475 115.732
4480 115.732
4485 115.732
4490 116.709
4495 116.709
4500 116.709
4505 116.709
4510 116.709
4515 116.709
4520 116.709
4525 116.709
4530 116.709
4535 116.709
4540 116.709
4545 116.709
4550 116.709
4555 116.709
4560 116.709
4565 116.709
4570 117.277
4575 117.277
4580 117.277
4585 117.277
4590 117.277
4595 117.277
4600 117.277
4605 117.277
4610 117.277
4615 117.277
4620 117.277
4625 117.277
4630 117.277
4635 117.277
4640 117.277
4645 117.277
4650 117.277
4655 117.686
4660 117.686
4665 117.686
4670 117.686
4675 117.903
4680 117.903
4685 117.903
4690 117.903
4695 118.878
4700 118.878
4705 118.878
4710 118.878
4715 118.878
4720 118.878
4725 118.878
4730 118.878
4735 118.878
4740 118.878
4745 118.878
4750 118.878
4755 118.878
4760 118.878
4765 118.878
4770 118.878
4775 118.878
4780 118.878
4785 118.878
4790 118.878
4795 118.878
4800 118.878
4805 119.101
4810 119.101
4815 119.101
4820 119.101
4825 119.101
4830 119.101
4835 119.101
4840 119.101
4845 119.101
4850 119.101
4855 119.101
4860 119.101
4865 119.101
4870 119.101
4875 119.101
4880 119.101
4885 119.101
4890 119.101
4895 119.101
4900 119.101
4905 119.101
4910 119.101
4915 119.101
4920 119.101
4925 119.101
4930 119.101
4935 119.101
4940 119.101
4945 119.331
4950 119.331
4955 119.331
4960 119.331
4965 119.331
4970 119.331
4975 119.331
4980 119.331
4985 119.331
4990 119.331
4995 119.365
5000 119.365
5 2
10 3.16228
15 5
20 5.09902
25 5.65685
30 6.40312
35 8.06226
40 8.06226
45 8.06226
50 8.94427
55 9.43398
60 9.43398
65 9.48683
70 10.2956
75 10.2956
80 10.6301
85 10.6301
90 11.4018
95 12.083
100 12.6491
105 12.6491
110 12.6491
115 12.6491
120 13.6015
125 14.5602
130 14.5602
135 15.5242
140 15.5242
145 15.5563
150 16.4924
155 16.4924
160 16.4924
165 18.4391
170 18.4391
175 18.4391
180 18.4391
185 19.4165
190 19.4165
195 20.3961
200 20.3961
205 20.6155
210 21.587
215 23.1948
220 23.1948
225 23.1948
230 23.1948
235 23.1948
240 23.1948
245 23.1948
250 23.1948
255 24.0208
260 24.1868
265 25.02
270 25.02
275 25.02
280 25.318
285 25.318
290 27.2947
295 29.2746
300 30.2655
305 30.2655
310 30.2655
315 30.2655
320 30.2655
325 30.2655
330 30.2655
335 30.2655
340 30.2655
345 30.2655
350 30.2655
355 30.4138
360 30.4138
365 31.257
370 31.257
375 31.257
380 31.257
385 31.257
390 31.257
395 31.257
400 31.257
405 31.257
410 31.7805
415 31.7805
420 32.7567
425 32.7567
430 32.7567
435 33.7343
440 33.7343
445 33.7343
450 34.9285
455 34.9285
460 34.9285
465 34.9285
470 36.1386
475 36.1386
480 37.108
485 37.108
490 37.108
495 37.108
500 37.108
505 37.108
510 37.108
515 37.108
520 37.3631
525 37.3631
530 37.3631
535 37.3631
540 37.3631
545 37.6962
550 37.6962
555 37.9473
560 38.3275
565 38.3275
570 38.3275
575 38.3275
580 39.2938
585 40.2616
590 40.2616
595 40.2616
600 40.2616
605 40.2616
610 40.2616
615 41.2311
620 41.2311
625 42.2019
630 42.2019
635 42.2019
640 42.45
645 42.45
650 42.45
655 42.45
660 42.72
665 42.72
670 42.72
675 42.72
680 43.6807
685 44.643
690 44.643
695 44.643
700 44.643
705 44.643
710 44.643
715 44.643
720 44.643
725 44.643
730 44.643
735 44.643
740 44.643
745 44.643
750 44.643
755 45.3542
760 45.3542
765 45.3542
770 45.3542
775 45.3542
780 45.3542
785 45.3542
790 45.3542
795 45.3542
800 45.3542
805 45.607
810 45.607
815 45.607
820 45.7056
825 45.8803
830 45.8803
835 46.1736
840 46.1736
845 46.5296
850 47.1275
855 47.1275
860 47.1275
865 47.1275
870 47.1275
875 47.1275
880 47.1275
885 47.1275
890 47.1275
895 48.0833
900 48.0833
905 48.0833
910 48.0833
915 48.0833
920 49.0306
925 49.0306
