10 2.82843
100 9
200 13.0384
300 17.0294
400 19.2094
500 20.2485
600 21.9545
700 22.6716
800 23.4094
900 25.4951
1000 26.2488
10 2.23607
100 9.05539
200 14.3178
300 16
400 18.1108
500 20.2237
600 21.2132
700 22.4722
800 24.3311
900 25.7099
1000 25.9422
10 2.82843
100 10.198
200 13.1529
300 15.2971
400 17.4642
500 19.3132
600 21.587
700 23.3452
800 24.3516
900 26.9258
1000 26.9258
10 3
100 10
200 13
300 15.2971
400 18
500 20.2237
600 22.0907
700 25.318
800 27.4591
900 27.4591
1000 28.4429
10 2.82843
100 9.05539
200 13.4164
300 15.6525
400 17.4642
500 20.0998
600 22.0227
700 25
800 26.0768
900 27.074
1000 29.1548
10 3.16228
100 9.48683
200 15.2971
300 16.7631
400 18.2483
500 20.2237
600 21.2132
700 25.0799
800 27.074
900 27.074
1000 28.0713
10 3.16228
100 10.0499
200 13.4536
300 17.2047
400 18.4391
500 20.5183
600 21.2603
700 24.0832
800 25.4558
900 26.6833
1000 27.5862
10 2.82843
100 8.06226
200 12.2066
300 16.5529
400 17.4642
500 19.4165
600 20.6155
700 21.8403
800 26.2488
900 28.4605
1000 28.7924
10 3
100 9.43398
200 13.6015
300 16.4012
400 19.105
500 22.4722
600 23.2594
700 24.6982
800 25.632
900 27.2947
1000 29.1548
10 2.23607
100 9.43398
200 13.6015
300 15.8114
400 19.6469
500 21.8403
600 23.0868
700 24.7386
800 26.9258
900 28.6531
1000 30.4138
10 4.12311
100 9.89949
200 13.1529
300 15.5563
400 17.1172
500 19.7231
600 22.8254
700 24.1868
800 26.4197
900 30
1000 31.0644
10 2.82843
100 10.4403
200 14.0357
300 17.2047
400 20.6155
500 21.4009
600 24.1868
700 24.2074
800 25.807
900 26.6271
1000 28.6007
10 3.60555
100 10.0499
200 13.4164
300 18.0278
400 21.0238
500 23.2594
600 25.0799
700 26.9258
800 26.9258
900 27.2029
1000 28.178
10 3.60555
100 9.05539
200 13
300 17.088
400 19.2354
500 21.5407
600 23.4307
700 24.3516
800 25.6125
900 25.807
1000 26.9258
10 3
100 9.21954
200 12.1655
300 15.8114
400 18.6011
500 21.4009
600 24.0832
700 25.6125
800 26.1725
900 28.178
1000 29.4109
10 3.16228
100 11.1803
200 13
300 15.6205
400 19.799
500 23.6008
600 24.2074
700 25.6125
800 26.9072
900 29.1548
1000 29.2062
10 3.60555
100 12.1655
200 15.5242
300 16.4924
400 18.2483
500 19.105
600 21.0238
700 23.2594
800 24.1661
900 26.2488
1000 26.5707
10 3
100 10.198
200 13.9284
300 16.7631
400 18
500 21.1896
600 23.0217
700 24.1868
800 25.0799
900 26
1000 26.9258
10 4.12311
100 11.1803
200 15.5242
300 17.0294
400 21.3776
500 22.3607
600 24.3311
700 26.1725
800 27.1662
900 28.2843
1000 29.0172
10 2.23607
100 8.24621
200 13.3417
300 16.0312
400 18.4391
500 19.2354
600 21.5407
700 22.2036
800 23.3452
900 25.318
1000 27.1662
10 3.60555
100 10.6301
200 15.0333
300 18.6011
400 18.6011
500 23.0217
600 24.7588
700 25
800 28.4253
900 29.7321
1000 30.4795
10 3.16228
100 10.0499
200 14.0357
300 19.105
400 21.095
500 25.1794
600 26.3059
700 27.2029
800 28.4429
900 30.1496
1000 31.0644
10 3
100 8.60233
200 12.6491
300 15.8114
400 19.3132
500 22.8035
600 25.318
700 25.318
800 26.3059
900 27.1662
1000 29.1204
10 3
100 9.21954
200 12.6491
300 16.2788
400 17.0294
500 19.105
600 21.0238
700 23.0868
800 24.1868
900 24.5153
1000 26.1725
10 3
100 8.48528
200 14.4222
300 16.6433
400 18.6011
500 21.4009
600 22.6716
700 23.8537
800 25.5539
900 26.8328
1000 28.2843
10 3.16228
100 9.05539
200 12.6491
300 16.1245
400 18.0278
500 19.2354
600 21.4709
700 22.3607
800 24.1661
900 26
1000 27.313
10 2.23607
100 10
200 13.1529
300 15.5242
400 19.4165
500 21.0238
600 22.3607
700 25
800 25.9615
900 27.8927
1000 28.4429
10 2.82843
100 11.1803
200 14.8661
300 21.2132
400 21.2603
500 22.8035
600 24.0832
700 25.4951
800 26.0768
900 28.0713
1000 29.2062
10 2.82843
100 8.60233
200 13.8924
300 16.6433
400 17.4929
500 20
600 22.6716
700 23.8537
800 24.2074
900 26.6271
1000 28.4253
10 3.16228
100 11.7047
200 14.8661
300 15.6205
400 18.0278
500 20.5913
600 23.3238
700 23.8537
800 25.6125
900 25.807
1000 26.9258
10 3
100 10.4403
200 14.4222
300 16.1245
400 18.3848
500 20.025
600 22.1359
700 23.0868
800 25.2982
900 25.7099
1000 28.6356
10 3
100 10.7703
200 14.8661
300 18.4391
400 20.3961
500 23.7697
600 25.0799
700 26
800 28.2312
900 30.0832
1000 30.3645
10 2.23607
100 11.1803
200 17
300 18.3576
400 19.2354
500 20.5183
600 21.4009
700 23.4094
800 26.1725
900 27.5862
1000 28.6356
10 3.16228
100 8.06226
200 13
300 15.1327
400 17.0294
500 20.6155
600 20.8806
700 23.6008
800 26.6271
900 26.6271
1000 29.6816
10 3.60555
100 9.21954
200 12.7279
300 15.8114
400 18.3848
500 19.8494
600 21.4009
700 24.0832
800 24.2074
900 25.807
1000 27.2029
10 3.16228
100 11.4018
200 15.2971
300 16.1245
400 18.1108
500 21.095
600 23.0868
700 24.5153
800 25.0799
900 25.4951
1000 27.074
10 3
100 9.48683
200 12.1655
300 15.2971
400 17.0294
500 18.3848
600 20.8806
700 21.8403
800 23.7697
900 25.2982
1000 27.2029
10 3.16228
100 8.06226
200 12.083
300 14.2127
400 17.2047
500 17.8045
600 20.8087
700 22.6716
800 24.0416
900 24.7588
1000 26.1725
10 3
100 10.4403
200 13.0384
300 15.2971
400 19.3132
500 20.025
600 21.4009
700 25.02
800 25.02
900 26.4008
1000 29.0689
10 2.82843
100 8.24621
200 15.2315
300 17.4642
400 19.3132
500 20.6155
600 22.3607
700 23.6008
800 25.2389
900 25.807
1000 28.3019
10 3.60555
100 9.05539
200 13.3417
300 16.7631
400 20.2485
500 21.8403
600 23.0868
700 27.2029
800 28.7924
900 29.1204
1000 31.0483
10 3
100 10
200 13.0384
300 15.8114
400 17.0294
500 20.2485
600 21.4009
700 24
800 27.0185
900 29
1000 29.0689
10 2.23607
100 11.6619
200 13.6015
300 15.5242
400 18
500 20.2237
600 21.2132
700 24.1868
800 25.2389
900 26.8328
1000 27.7849
10 3.60555
100 9.21954
200 14.0357
300 15.8114
400 18.6011
500 21.4009
600 22.2036
700 23.0217
800 25.807
900 26.6271
1000 28.6007
10 3
100 9.48683
200 13.3417
300 16.1245
400 18.0278
500 20
600 21.0238
700 23.0217
800 25
900 25.02
1000 25.318
10 3.16228
100 9.43398
200 12.0416
300 15.2315
400 18.4391
500 19.4165
600 23.0868
700 24.6982
800 26.9072
900 29.1548
1000 29.4109
10 3.16228
100 10.2956
200 13.1529
300 15.5242
400 17.72
500 19.6469
600 20.6155
700 22.6716
800 24.8395
900 26.2488
1000 26.4008
10 3
100 9.21954
200 13.0384
300 17.2627
400 20.8806
500 22.561
600 23.3452
700 26.0768
800 26.0768
900 28.7924
1000 29.2746
10 3
100 9.05539
200 12.0416
300 13.8924
400 16.2788
500 19.4165
600 21.2132
700 22.2036
800 24.1868
900 25.632
1000 27.074
10 3
100 10.0499
200 14.0357
300 16.4924
400 18.4391
500 20.3961
600 23.1948
700 24.7386
800 26.2488
900 27.2029
1000 28.1603
