10 3
100 8.24621
200 13.0384
300 18.2483
400 21.3776
500 23.0868
600 27.4591
700 30.0167
800 33.0151
900 33.0151
1000 33.1361
10 3.60555
100 14.3178
200 17.6918
300 20.5183
400 23.3452
500 26.1725
600 29.7321
700 31.241
800 32.6497
900 32.6497
1000 34.9857
10 3
100 10.4403
200 14.3178
300 16.5529
400 20
500 21.4009
600 24.0416
700 27.0185
800 27.8927
900 29.0689
1000 31.8277
10 2.23607
100 8.94427
200 12.1655
300 17.2047
400 20
500 23.6008
600 25.5539
700 28.0179
800 30.5287
900 33.6155
1000 34.9857
10 3.16228
100 9.21954
200 12.2066
300 16.1245
400 19.2094
500 20.8087
600 24.1868
700 26.2488
800 28.4253
900 29.8329
1000 32.6497
10 5
100 12.3693
200 15.2971
300 18.3576
400 21.2132
500 22.0227
600 23.3238
700 25.0599
800 27.0185
900 28.3196
1000 30.4795
10 3.16228
100 11.4018
200 15.2643
300 17.4642
400 21.2132
500 23.5372
600 24.5153
700 26.4764
800 28.4429
900 31.0483
1000 31.0483
10 2.23607
100 8.60233
200 12.8062
300 16.2788
400 18.6011
500 21.6333
600 22.8254
700 25.0599
800 27.2947
900 29.7321
1000 31.7805
10 3.16228
100 12.0416
200 15.0333
300 18.2483
400 23.0868
500 29.0689
600 30
700 31.0161
800 35.1283
900 35.1283
1000 38.1182
10 4.12311
100 10.4403
200 15.8114
300 19
400 21.095
500 23.0868
600 25
700 30
800 33.0151
900 34.0147
1000 36.0139
10 3.16228
100 10
200 16.1245
300 18.2483
400 20
500 22.0227
600 26
700 31.0161
800 32.0156
900 34.0147
1000 37.0135
10 3.16228
100 9.05539
200 13.8924
300 18.0278
400 21.0238
500 24.5153
600 25.7099
700 28.4429
800 31.1448
900 33.0606
1000 34.7131
10 4
100 12.083
200 14.8661
300 18.2483
400 22.2036
500 26.1725
600 29.1548
700 32.0624
800 36.0555
900 37.054
1000 39.0512
10 2.23607
100 9.89949
200 14.7648
300 18.3848
400 23.7697
500 27.8927
600 32.8938
700 34.5254
800 37.5766
900 39.8497
1000 41.7612
10 3.16228
100 10.198
200 15.1327
300 17.1172
400 19.105
500 22.0907
600 25.1794
700 27.0185
800 27.1662
900 30.2655
1000 31.0161
10 3.60555
100 11.4018
200 18.0278
300 18.2483
400 22.0907
500 24.0208
600 26.0192
700 28.0713
800 29.1548
900 31.7805
1000 35.171
10 4.12311
100 12.083
200 17.2047
300 19.7231
400 23.2594
500 25.0799
600 27.1662
700 28.8444
800 30.4795
900 31.3847
1000 32.2025
10 3.16228
100 8.94427
200 14.7648
300 18.4391
400 21.095
500 22.8254
600 24.1868
700 26.6271
800 29.1548
900 30.0167
1000 31.7648
10 2.82843
100 10.6301
200 14.2127
300 20.1246
400 22.8254
500 23.8537
600 26.8328
700 28.6356
800 30.4138
900 30.4631
1000 32.573
10 2.23607
100 10.8167
200 16.2788
300 18.6815
400 22.3607
500 24.0208
600 26.4764
700 30.2655
800 30.4138
900 31.6228
1000 34.2053
10 2.23607
100 9.21954
200 13
300 14.5602
400 17.4929
500 19.4165
600 21.8403
700 23.7697
800 24.1868
900 26.9258
1000 29.8329
10 3.60555
100 11.4018
200 13.9284
300 17.4929
400 19.3132
500 21.5407
600 23.7697
700 26
800 27.2947
900 29.5296
1000 30.4138
10 3.60555
100 10.198
200 13.1529
300 17.2627
400 20.0998
500 21.095
600 23.3452
700 26.0192
800 28.0179
900 30.0167
1000 32.0624
10 2.23607
100 9.43398
200 16.5529
300 19.3132
400 21.8403
500 21.8403
600 25
700 27.2029
800 28.1603
900 30.2324
1000 32.28
10 5
100 8.60233
200 13.6015
300 17
400 18.3576
500 20.2485
600 22.8473
700 25.2982
800 26.4197
900 29.9666
1000 32.2025
10 2.82843
100 10.4403
200 12.8062
300 15.6205
400 17.2627
500 20.6155
600 23.3452
700 25.0799
800 26
900 28.4605
1000 29.9666
10 2.23607
100 10.198
200 13.4164
300 16.4012
400 17.4929
500 19.7231
600 22.2036
700 24.0832
800 26.9072
900 27.6586
1000 30.2324
10 2.23607
100 9.05539
200 13.6015
300 17.0294
400 20.2485
500 23.0868
600 26
700 28.178
800 29.1548
900 31.3847
1000 34.5398
10 4.12311
100 10.2956
200 15.5242
300 19.2354
400 20.2237
500 22.3607
600 28.0713
700 29.1548
800 31.0161
900 32.0156
1000 33.0606
10 4.47214
100 11.0454
200 16.0312
300 19.105
400 22.3607
500 26.0768
600 27.074
700 29.1548
800 30.1496
900 32.2025
1000 34.0147
10 3
100 9.05539
200 14.1421
300 17.72
400 21.587
500 23.4094
600 26.4008
700 28.2312
800 30.4631
900 31.9531
1000 34.7851
10 3.16228
100 11.4018
200 15.2971
300 17.2627
400 22.561
500 24.5153
600 28.8617
700 29.1204
800 30.5941
900 31.0644
1000 32.7567
10 3.60555
100 13.4164
200 20.6155
300 24.6982
400 27.2029
500 28.6007
600 31.4006
700 34.7131
800 37.5366
900 38.2884
1000 39.6232
10 2.82843
100 11.4018
200 16.1245
300 17.4929
400 19.105
500 22.4722
600 23.4094
700 25.632
800 26.5707
900 27.8568
1000 30.0832
10 2.82843
100 10
200 13.0384
300 19.0263
400 20.2237
500 21.8403
600 24.0208
700 26
800 27.074
900 29.1548
1000 30.0167
10 3.60555
100 11.7047
200 15.2643
300 18.3848
400 20.6155
500 25.4951
600 25.632
700 27.4591
800 29.8329
900 30.8058
1000 32.0156
10 4.47214
100 10.7703
200 14.3178
300 18.1108
400 20.2237
500 22.0907
600 24.1868
700 28.1603
800 29.2746
900 31.1448
1000 32.3883
10 3
100 10.6301
200 13.4164
300 18.2483
400 20.2237
500 24.0416
600 26.9258
700 30.8058
800 33.541
900 33.7343
1000 35.3553
10 4.12311
100 10.198
200 14.1421
300 16.2788
400 18.0278
500 20.5913
600 22.8473
700 24.3516
800 25.632
900 26.9258
1000 29.7321
10 3.16228
100 9.05539
200 12.6491
300 16.2788
400 18.4391
500 21.4709
600 23.7065
700 26.4764
800 29.1204
900 30.0832
1000 31.6228
10 2.82843
100 12.1655
200 15.6205
300 18.4391
400 20.1246
500 22.8473
600 26.9258
700 29.9666
800 32.6956
900 34
1000 36.0555
10 2.23607
100 9.05539
200 13.4164
300 15.2643
400 18.0278
500 21.0238
600 22.2036
700 23.7697
800 26.3059
900 28.6356
1000 28.8617
10 3
100 10.0499
200 14.8661
300 17.0294
400 19.2094
500 21.9545
600 24.5967
700 26.4008
800 27.7308
900 29.9666
1000 33.2415
10 2.23607
100 9.84886
200 13
300 19.4165
400 23.2594
500 26.6271
600 27.4591
700 29.4109
800 32.0156
900 34.9285
1000 37.855
10 3
100 8.24621
200 16.0312
300 18.0278
400 21.095
500 24.1868
600 26.0768
700 29.1548
800 31.257
900 35.1283
1000 37.054
10 3
100 11.0454
200 15.1327
300 19.9249
400 25.7099
500 27.6586
600 28.6356
700 29.6142
800 32.7567
900 34.9285
1000 36.1386
10 3.16228
100 13
200 17.2627
300 19.3132
400 21.8403
500 23.3238
600 24.4131
700 28.178
800 29.5466
900 32.6956
1000 33.1059
10 2.82843
100 9.48683
200 13.6015
300 16.5529
400 19.3132
500 23.1948
600 24.0832
700 26.0768
800 30.0167
900 33.0606
1000 34.0147
10 3.16228
100 12.8062
200 17.2047
300 20.6155
400 22.2036
500 23.8537
600 25.2389
700 26.9258
800 29.7321
900 31.0644
1000 32.7567
10 3
100 10.0499
200 14
300 18.1108
400 19.2354
500 21.587
600 24.1868
700 26.4764
800 29.6142
900 30.3645
1000 31.0161
