10 3
100 10.198
200 15.1327
300 20.0998
400 24.1868
500 29.4279
600 31.4006
700 33.7343
800 36.4005
900 37.6431
1000 40.2616
10 2.82843
100 12.0416
200 18.4391
300 21.587
400 25.0799
500 28.1603
600 31.1448
700 35.3553
800 37.4833
900 40.3113
1000 43.4166
10 3.60555
100 14.5602
200 18.4391
300 20.3961
400 23.0868
500 25
600 26.9258
700 29.1204
800 29.9666
900 33.7343
1000 33.9559
10 5
100 14.3178
200 19.2094
300 22.0227
400 24.2074
500 26.0768
600 29.6816
700 31.4006
800 33.3017
900 36.1248
1000 39.0512
10 3.16228
100 11
200 16.0312
300 19.6469
400 24.0208
500 26.1725
600 29.8329
700 31.0483
800 33.541
900 35.6931
1000 37.4833
10 2.23607
100 13
200 17.2627
300 19.2354
400 23.0217
500 25.7099
600 28.4605
700 29.4109
800 33.0606
900 35.0571
1000 38.2753
10 3.16228
100 9.84886
200 15.2315
300 18.9737
400 21.8403
500 25.4951
600 27.7308
700 30.0666
800 32.0624
900 34.0147
1000 38.0132
10 4.12311
100 12.3693
200 16.5529
300 20.8087
400 22.8035
500 24.7588
600 28.0713
700 31.1448
800 34.0588
900 36.0555
1000 40.0125
10 3
100 11.1803
200 13.6015
300 16.2788
400 21.3776
500 26.4008
600 28.6356
700 30.8869
800 31.9531
900 34.5398
1000 37.3363
10 3.16228
100 11.4018
200 15.5242
300 21.3776
400 27.1662
500 33.541
600 35.5106
700 38.3275
800 39.3192
900 42.2966
1000 43.7379
10 3.16228
100 14.0357
200 17.1172
300 20.025
400 23
500 26.1725
600 30.4138
700 32.1403
800 32.3883
900 36.3456
1000 40.1123
10 3.60555
100 9.89949
200 14.4222
300 17.4929
400 22.3607
500 27.0185
600 30.0666
700 32.0624
800 35.2278
900 36.3456
1000 38.4708
10 2.23607
100 10.4403
200 17.72
300 21.2132
400 24.2074
500 27.5862
600 28.4253
700 29.7321
800 34.1321
900 36.8917
1000 37.7359
10 2.82843
100 10
200 14.0357
300 19.105
400 23.3238
500 26.1725
600 27.5862
700 31.8904
800 32.2025
900 32.7567
1000 33.9411
10 4.12311
100 10.7703
200 15.2315
300 18.4391
400 20.2237
500 24.3311
600 26.3059
700 28.4429
800 30.8058
900 31.1448
1000 34.2345
10 3.60555
100 9.21954
200 13.1529
300 16.1245
400 18.1108
500 22.0227
600 23.3452
700 26.4764
800 27.0185
900 31.0644
1000 32.1403
10 3.16228
100 10
200 15.2315
300 21.5407
400 23.2594
500 26
600 30.0832
700 33.0151
800 34.4384
900 37.6962
1000 38.9487
10 4.12311
100 14.1421
200 16.1245
300 19.3132
400 22.4722
500 24.0416
600 26.0192
700 29.0172
800 32
900 33.2415
1000 35
10 3.16228
100 11.0454
200 15.1327
300 18.1108
400 21.2132
500 23.3452
600 25.318
700 26.4764
800 28.2843
900 30.4138
1000 32.6497
10 3
100 17.0294
200 22.0227
300 24.7386
400 27.8927
500 30.0832
600 30.5941
700 32.7567
800 34.7131
900 35.6931
1000 37.6962
10 3.16228
100 10.4403
200 15.1327
300 21.2132
400 22.8035
500 25.1794
600 30.1496
700 32.0624
800 35
900 35.7351
1000 37.3631
10 4.12311
100 9.89949
200 13.8924
300 18.6815
400 22.8035
500 27.2029
600 27.8927
700 30.0832
800 32.9848
900 36.1386
1000 37.3631
10 4.47214
100 12.53
200 15.8114
300 19.2354
400 23.4307
500 26.8701
600 29.2062
700 31.8277
800 33.6006
900 33.6006
1000 34.8281
10 4
100 12.0416
200 14.1421
300 18.1108
400 19.2354
500 23.0868
600 25.02
700 26.4764
800 28.4605
900 31.3209
1000 36.3456
10 3.16228
100 10.4403
200 13.8924
300 19.2094
400 23.0217
500 25.4951
600 26.9072
700 29.0689
800 31.8904
900 34.0588
1000 37.0135
10 3
100 10.198
200 13.6015
300 18.3848
400 19.6469
500 21.9317
600 27
700 28
800 31.0161
900 32.0156
1000 34
10 2.23607
100 10.0499
200 15.2971
300 19.4165
400 21.095
500 22.1359
600 24.7386
700 29.4109
800 31.0161
900 35.6931
1000 36.4005
10 2.23607
100 9.84886
200 15.6525
300 17.8885
400 20.1246
500 22.3607
600 26
700 28.1603
800 29.4109
900 31.3209
1000 31.7805
10 3.60555
100 11.1803
200 15.5242
300 21.5407
400 21.9317
500 25.0799
600 28.1603
700 30.6757
800 33.8378
900 37
1000 37.6962
10 2
100 14.0357
200 19.0263
300 22.0907
400 23.5372
500 25.632
600 28.1603
700 31.3209
800 35.171
900 36.1386
1000 37.855
10 3.16228
100 11.3137
200 12.8062
300 16.4012
400 19.2094
500 23.3452
600 25.4951
700 27.6586
800 29.4279
900 30.5941
1000 32.0156
10 2.23607
100 10
200 13.6015
300 16.4924
400 18.6815
500 22.8035
600 25
700 25.0799
800 28.8617
900 30.5941
1000 33.541
10 3
100 10.0499
200 14.7648
300 18.9737
400 20.8806
500 24.3516
600 28.1603
700 31.0161
800 34.4819
900 37.3631
1000 40.025
10 4.47214
100 10.2956
200 17.72
300 21.1896
400 23.3452
500 27.2029
600 27.7308
700 29.5296
800 31.7648
900 32.6497
1000 33.541
10 3.16228
100 13.0384
200 17.1172
300 22.0227
400 25.02
500 26.0768
600 30.0167
700 35.1283
800 37.3363
900 42.19
1000 43.1856
10 2.23607
100 9.21954
200 15
300 17.1172
400 21.2132
500 24
600 25.7099
700 29.6142
800 32.0156
900 35.171
1000 36.1386
10 3.16228
100 10.6301
200 15.1327
300 20.2237
400 24
500 27.074
600 30
700 32.0624
800 34.0147
900 36.0139
1000 38
10 3.16228
100 8.60233
200 13.0384
300 17.8885
400 22.4722
500 24.6982
600 26.6271
700 29.1548
800 30.8707
900 32.6956
1000 34.5398
10 3.16228
100 10.4403
200 15.2971
300 18.6815
400 21.587
500 24.0416
600 28.4429
700 29.4279
800 31.241
900 33.3017
1000 36.0139
10 3.16228
100 13.0384
200 16.0312
300 20.025
400 24.0832
500 28.1603
600 29.2746
700 32.573
800 37.3363
900 40.4969
1000 42.72
10 3
100 15.8114
200 20.6155
300 23.6008
400 25.2389
500 28.0179
600 30.6105
700 33.4215
800 35.3836
900 36.2353
1000 38.9487
10 3.16228
100 9.43398
200 17.088
300 20.8806
400 24.7386
500 27.2029
600 30.6757
700 31.9531
800 33.2415
900 37
1000 38.2753
10 3
100 11.0454
200 16.2788
300 22.0907
400 26.0192
500 27.074
600 30.1496
700 32.249
800 33.2415
900 36.0555
1000 37.1214
10 2.23607
100 11
200 15.1327
300 18.1108
400 20.3961
500 23.1948
600 25.318
700 27.7849
800 30.4138
900 32.0156
1000 35
10 2.23607
100 11.4018
200 16.0312
300 22.1359
400 23.0868
500 26.5707
600 32.311
700 32.311
800 36.2491
900 38.4838
1000 41.4367
10 3.60555
100 12.3693
200 16.2788
300 20.2237
400 23.3238
500 25.02
600 29.2746
700 30.5941
800 33.2415
900 36.1386
1000 39.0512
10 3
100 8.94427
200 13.4536
300 16.5529
400 18.3848
500 21
600 21.9317
700 25.0599
800 27.7849
900 30.0167
1000 31.305
10 2.82843
100 9.84886
200 13.3417
300 17.1172
400 21.0238
500 23.7065
600 26.4764
700 28.6356
800 29.1548
900 30.8707
1000 33.541
10 3.60555
100 10.0499
200 15.6525
300 18.4391
400 22.3607
500 23.1948
600 26.2488
700 28.0179
800 31.0161
900 32.8938
1000 34.7851
10 2.23607
100 10.7703
200 16.2788
300 17.8045
400 22.1359
500 24.6982
600 25.807
700 28.1603
800 29.6816
900 33.0606
1000 36.0139
