10 3.16228
100 11.4018
200 15.5242
300 19.3132
400 24.7386
500 29.2746
600 33.3766
700 34.3657
800 36.7151
900 38.0789
1000 41.4367
10 3.16228
100 10.198
200 17
300 23.4094
400 26.2488
500 28.6356
600 31.6228
700 34.0147
800 36.6742
900 37.5899
1000 41.4367
10 3.16228
100 12.1655
200 15
300 21.6333
400 26.6271
500 30
600 31.7648
700 34
800 36.2491
900 38.0789
1000 40.8534
10 3.16228
100 9.21954
200 17.8885
300 21.4709
400 24.5967
500 27.7308
600 33.1059
700 33.541
800 39.3954
900 40.3113
1000 41.7852
10 2.82843
100 11.0454
200 15.0333
300 19.2354
400 23.7697
500 28.4605
600 34.1321
700 38.2099
800 40.05
900 42.0476
1000 43.4166
10 3.16228
100 12.2066
200 21.9545
300 24.6982
400 27.8927
500 30.6757
600 33.5261
700 36.8917
800 40.4969
900 41.3401
1000 46.1411
10 3.60555
100 10.8167
200 18.3848
300 22.3607
400 25.2982
500 28.8617
600 31.4006
700 34.9285
800 37.4833
900 41
1000 41.7732
10 3.16228
100 12.53
200 18.4391
300 21.3776
400 23.7697
500 30.6757
600 33.5261
700 33.5261
800 35.6931
900 40.6079
1000 42.0119
10 2.23607
100 10.7703
200 15.8114
300 21.587
400 24.0208
500 26.3059
600 29.2746
700 33.2415
800 37.2156
900 40.2616
1000 44.9222
10 3
100 8.24621
200 17.1172
300 22.2036
400 28.0713
500 30.5941
600 33.3766
700 36.4966
800 38.4708
900 40.3113
1000 42.4264
10 3.16228
100 9.48683
200 17.2627
300 27.0185
400 35.0143
500 37.054
600 38.3275
700 39.4588
800 42.107
900 46.0109
1000 48.1664
10 3.16228
100 13
200 18.0278
300 22.561
400 28.4429
500 35.0571
600 37.2156
700 41.1947
800 42.4264
900 44.2832
1000 46.0435
10 3.16228
100 9.05539
200 16
300 20.2237
400 25.0799
500 29.2746
600 31.0644
700 36.3456
800 38.2099
900 41.1947
1000 42.19
10 2.23607
100 10.2956
200 15.8114
300 18.9737
400 19.9249
500 22.8473
600 26
700 29.1204
800 33.5261
900 37.3631
1000 38.6005
10 3.60555
100 10.8167
200 17.6918
300 21.9317
400 27.0185
500 28.0179
600 34
700 36
800 41.0122
900 42.107
1000 44.1814
10 3
100 10.2956
200 16.4012
300 19.8494
400 24.0416
500 25.6125
600 27.2029
700 30.6757
800 34.2053
900 36.4005
1000 41.2311
10 2.23607
100 10.8167
200 15.5242
300 18.6815
400 22.561
500 27.074
600 29.0689
700 32.0156
800 34.9285
900 37.108
1000 40.025
10 3.16228
100 10.6301
200 14.4222
300 18.3848
400 20.6155
500 24.0208
600 29.1204
700 31.3209
800 33
900 35.7351
1000 37.9473
10 3.60555
100 13
200 17
300 17.4642
400 22.0227
500 25
600 27.0185
700 32.0624
800 34.1321
900 34.4819
1000 37.2156
10 2.23607
100 11.0454
200 14.3178
300 18.1108
400 24.0416
500 27.8927
600 32.0156
700 33.7343
800 40.5216
900 43.1741
1000 47.2969
10 3
100 12.1655
200 16.4924
300 20.3961
400 21.3776
500 27.2029
600 30.4138
700 33.3766
800 34.9285
900 35.5106
1000 37.4833
10 4.24264
100 13.6015
200 18.6815
300 24.0832
400 27.074
500 29.1204
600 33.9559
700 34.9285
800 35.9026
900 37.108
1000 38.4708
10 3.16228
100 10.0499
200 14.4222
300 19.105
400 24.0208
500 25
600 28
700 31.0161
800 37.0135
900 40.05
1000 41.0488
10 3.16228
100 11.1803
200 16.2788
300 22.0907
400 28
500 31.0161
600 35.0143
700 40.0125
800 43
900 44.0114
1000 46.0435
10 3.60555
100 15.2315
200 21.2132
300 27.2029
400 28.8617
500 33.5261
600 37.108
700 42.9535
800 43.9659
900 46.5725
1000 48.1041
10 3.16228
100 12
200 17.0294
300 22.3607
400 28.2843
500 31.1448
600 32.3883
700 34.7131
800 36.2215
900 37.3363
1000 39.8121
10 3
100 11
200 17.4642
300 20.8806
400 22.561
500 26.6833
600 29.6142
700 32.0156
800 38.833
900 41.5933
1000 41.7732
10 2.82843
100 12.6491
200 18.1108
300 22.2036
400 27.6586
500 31.5753
600 32.5576
700 34.5254
800 36.4005
900 37.6962
1000 40.3113
10 2.23607
100 11.1803
200 19.105
300 24.0208
400 27.4591
500 29.8329
600 32.9848
700 33.9559
800 37.9473
900 39.0128
1000 40.8534
10 3.16228
100 10.0499
200 14.0357
300 18.0278
400 24.3311
500 26.3059
600 28.4429
700 33
800 34.1321
900 36
1000 38.4708
10 3
100 11.4018
200 14.0357
300 18.0278
400 21.0238
500 24.5153
600 29.6142
700 30.5941
800 34.5254
900 35.5106
1000 39.4588
10 4.12311
100 12.53
200 19.799
300 22.561
400 27.1662
500 31.0161
600 36
700 37
800 38.1182
900 42.0476
1000 43.1045
10 3
100 11.0454
200 18
300 22.0907
400 24.0208
500 26.0192
600 26.9258
700 31.257
800 32.5576
900 33.7343
1000 36.8782
10 3
100 10.4403
200 14.3178
300 17.0294
400 21.8403
500 25.0799
600 28.6356
700 32.249
800 35.0143
900 38.0132
1000 39.1152
10 2.23607
100 10
200 15.2971
300 19.2354
400 24.1661
500 26
600 28.1603
700 30.1496
800 35.0571
900 43.0116
1000 46.0109
10 2.23607
100 9.21954
200 14.1421
300 22.1359
400 25.2982
500 27.2947
600 30.8707
700 34
800 36.2353
900 39.9625
1000 40.8167
10 3.16228
100 13.1529
200 17.088
300 21.5407
400 24.5153
500 28.3196
600 31.4006
700 35.4683
800 36.8782
900 39.2046
1000 40.2244
10 5.09902
100 13.4536
200 17.8885
300 22.4722
400 26.8328
500 28.6356
600 30.8869
700 34
800 36.3456
900 39.6232
1000 40.6079
10 2.82843
100 11.7047
200 18.4391
300 25.4951
400 28.2843
500 30.8058
600 32.8938
700 35.0571
800 36.6879
900 38.6394
1000 39.6232
10 2.23607
100 11.0454
200 15.8114
300 19.7231
400 22.3607
500 25.4951
600 27.2947
700 29.0689
800 32.249
900 36.2215
1000 38.2099
10 4
100 11.6619
200 17.8885
300 21.4709
400 23.0217
500 25.0599
600 28.178
700 31.9061
800 36.4005
900 39.2046
1000 43.1856
10 3.16228
100 12.3693
200 18.2483
300 22.3607
400 27.0185
500 29.0172
600 34.0147
700 36.0555
800 39
900 41
1000 43.1856
10 4.12311
100 10.6301
200 15.8114
300 21.9545
400 24.2074
500 26.8701
600 31.0483
700 34.4819
800 36.8917
900 39.6232
1000 41.7732
10 3.60555
100 10.198
200 15.0333
300 18.6815
400 22.1359
500 24.1661
600 29.4109
700 32.45
800 35
900 35.805
1000 38.6005
10 3.16228
100 11.4018
200 17.4642
300 24.3311
400 26.3059
500 30.4138
600 35.3553
700 37.3363
800 39.3192
900 41.1947
1000 43.1856
10 2.23607
100 13
200 15.2643
300 18.7883
400 21.4009
500 26.2488
600 27.2029
700 31.6228
800 34.0588
900 34.6699
1000 36.3593
10 4
100 10.6301
200 16.2788
300 22.6716
400 28.2843
500 30.8869
600 33.121
700 37.1618
800 40.8534
900 43.6578
1000 47.7598
10 3.16228
100 11.1803
200 16.6433
300 21.2603
400 26.2488
500 27.6586
600 31.1448
700 32.6497
800 35.1283
900 38.0132
1000 42.0476
10 2.82843
100 14.1421
200 19.0263
300 24.0416
400 27.074
500 32.573
600 34.7851
700 35.7351
800 37.3631
900 39.5601
1000 41.1096
10 2.82843
100 10.8167
200 16.2788
300 18.1108
400 23.8537
500 28.2843
600 34.1321
700 37.2156
800 38.3275
900 40.6079
1000 43.566
