10 4
100 13.0384
200 17.8885
300 20.1246
400 23.6008
500 30.0167
600 37.2156
700 41.1825
800 43.0116
900 43.8292
1000 46.0652
10 3
100 13.6015
200 18.3576
300 22.8473
400 28.178
500 31.9531
600 32.311
700 36.1386
800 39.2046
900 42.19
1000 43.1856
10 4
100 14.7648
200 18.6011
300 24.1868
400 27.0185
500 29.2062
600 31.5753
700 34.9285
800 36.4966
900 38.833
1000 40.7922
10 4.24264
100 17.0294
200 24.0832
300 27.6586
400 31.1127
500 36.7967
600 41.7732
700 46.669
800 49.0408
900 51.614
1000 53.8238
10 3
100 13
200 17.4642
300 19.6469
400 24.5153
500 27.6586
600 32.3883
700 35.2278
800 37.4833
900 38.6394
1000 42.2966
10 3.16228
100 13.3417
200 22.0907
300 28.2843
400 33.7343
500 36.1386
600 38.1182
700 42.7551
800 43.7379
900 45.8912
1000 49.8197
10 4.12311
100 10.0499
200 18.1108
300 21.4709
400 25.9422
500 28.0179
600 31.0644
700 33.6155
800 38.0526
900 40.05
1000 43.1045
10 3
100 12.083
200 20.1246
300 22.8473
400 27.074
500 31.0644
600 35
700 37.054
800 38.0132
900 40.6079
1000 43.6005
10 2.23607
100 12.083
200 19.3132
300 23.0868
400 26.6833
500 32.8938
600 37.3363
700 38.2753
800 42.3792
900 43.3244
1000 45.2217
10 3.16228
100 12.6491
200 20.025
300 26
400 31
500 35.3553
600 39.4588
700 44.7214
800 49.8197
900 52.6308
1000 54.5711
10 3.16228
100 11.0454
200 17.4642
300 23
400 25.02
500 28.1603
600 30.0666
700 32.1403
800 35.171
900 42.72
1000 44.643
10 3.16228
100 10.198
200 15.2971
300 20.3961
400 24.5153
500 27.2029
600 29.6816
700 35.7771
800 38.5876
900 41.1825
1000 44.1022
10 4
100 10.7703
200 19.6469
300 21.1896
400 23.1948
500 27.4591
600 32.3883
700 34.7131
800 37.108
900 40.8044
1000 41.7732
10 2.23607
100 13.4164
200 18.0278
300 22.6274
400 26.9072
500 29.4279
600 33.2415
700 34.7131
800 36.8782
900 38.2099
1000 40.0125
10 2.23607
100 11.0454
200 15
300 22.2036
400 25.318
500 28.6356
600 32.249
700 34.9285
800 37.108
900 38.833
1000 41.7732
10 4.47214
100 13.4536
200 23.0217
300 25.2389
400 29.5296
500 34
600 35.3412
700 38.4708
800 40.1622
900 42.0595
1000 46.1736
10 3
100 12.6491
200 21.1896
300 25.0599
400 30.3645
500 35.171
600 37.3631
700 39.2938
800 41
900 41.9762
1000 44.1022
10 4
100 10.8167
200 18.7883
300 23.1948
400 28.1603
500 32.3883
600 33.3766
700 37
800 40.5216
900 43.6807
1000 46.4866
10 2.23607
100 11.3137
200 18.6011
300 21.2603
400 24.5153
500 29.2746
600 34.2345
700 37.2156
800 39.6232
900 43.566
1000 46.5296
10 4.12311
100 12.1655
200 16.5529
300 20.6155
400 23.4307
500 25.807
600 28.0179
700 32.249
800 36.0555
900 37.054
1000 40.05
10 3.60555
100 12.0416
200 16.2788
300 21.095
400 25.2389
500 29.2746
600 33.2415
700 35.2278
800 38.6264
900 43.3244
1000 45.607
10 2.23607
100 12.8062
200 17.4642
300 24.1661
400 25.4951
500 26.8328
600 28.6356
700 31.1448
800 33.4215
900 36.4005
1000 39.6611
10 5
100 15.2971
200 23.1948
300 28.1603
400 34.3657
500 35.9026
600 40.4475
700 44.7772
800 47.0106
900 49.6488
1000 50.774
10 3
100 17.0294
200 24.5153
300 32.5576
400 33.7343
500 36.1248
600 37.6563
700 40.025
800 42.2019
900 43.4166
1000 45.607
10 3.16228
100 11.1803
200 15.6525
300 18.1108
400 24.0208
500 27.0185
600 29.7321
700 33.2415
800 36.1248
900 37.6431
1000 41.1947
10 4.12311
100 12.3693
200 19.6469
300 25
400 28.2312
500 29.4279
600 32.6956
700 32.6956
800 34.9285
900 37.1618
1000 42.1545
10 5.09902
100 13
200 21.6333
300 26.9258
400 29.4109
500 31.8904
600 33.9411
700 37.6431
800 39.5601
900 41.1096
1000 45.8803
10 2.23607
100 12.53
200 18.0278
300 25.02
400 27.0185
500 29.0172
600 33.0606
700 36.1248
800 40.1995
900 40.1995
1000 43.0465
10 3.60555
100 11.3137
200 16.0312
300 19.7231
400 24.1868
500 27.0185
600 31.9061
700 32.7567
800 33.8378
900 37.1214
1000 40.4969
10 3.16228
100 10
200 16.1245
300 22.0907
400 28.4429
500 36.4966
600 38.2099
700 41.5933
800 43.7379
900 47.3814
1000 50.636
10 3.16228
100 12.0416
200 15.8114
300 24.1868
400 29.2746
500 32.0156
600 35
700 37.3363
800 44.0454
900 47.0425
1000 48.1664
10 2.23607
100 12.0416
200 17.0294
300 19.0263
400 24.0208
500 26.9258
600 31.6228
700 33.8378
800 35.0571
900 40.4475
1000 42.4264
10 3.16228
100 12
200 16.0312
300 19.105
400 22.1359
500 26.5707
600 29.0172
700 31.6228
800 34.0147
900 36.6879
1000 39.0512
10 4.47214
100 11.4018
200 16.6433
300 20.6155
400 26.1725
500 27.5862
600 32.2025
700 32.45
800 35.3553
900 38.5876
1000 40.8167
10 3.16228
100 11.4018
200 14.5602
300 19.2354
400 23.7065
500 28.2312
600 31.0644
700 32.2025
800 35.0143
900 37.1618
1000 40.2492
10 3.16228
100 12.1655
200 19.2354
300 24.0208
400 29.0689
500 32.1403
600 35.2278
700 38.4708
800 40.7922
900 43.7379
1000 46.3897
10 3.16228
100 15.0333
200 19.4165
300 24.3311
400 29.1548
500 31.0644
600 34.4093
700 37.0135
800 39.6989
900 41.7253
1000 43.4166
10 4.47214
100 13.1529
200 16.1245
300 19.4165
400 25.807
500 29.8329
600 32.2025
700 36.8782
800 39.0512
900 42.2966
1000 43.6005
10 4.12311
100 12.2066
200 19.4165
300 24.1868
400 26.9258
500 30.8707
600 32.311
700 35.4683
800 38.2753
900 42.0595
1000 44.0114
10 3.60555
100 13.0384
200 16.5529
300 19.105
400 25.02
500 32
600 36.0139
700 40.05
800 43.1856
900 46.2709
1000 49.163
10 4.12311
100 12.0416
200 22.561
300 24.7386
400 29.4109
500 33.8378
600 37.6962
700 41.2311
800 44.2832
900 45.6946
1000 49.6588
10 2.23607
100 13.8924
200 19.2354
300 25.0599
400 28.3019
500 32.2025
600 34.0147
700 36.4005
800 40.8044
900 42.45
1000 43.6578
10 3.60555
100 11
200 18.2483
300 22.2036
400 26.6271
500 31.3847
600 35.3553
700 38.9102
800 40.7185
900 42.9535
1000 46.5188
10 3.16228
100 10.8167
200 18.0278
300 22.3607
400 25.318
500 28.1603
600 31.257
700 34.0147
800 39
900 41.0122
1000 42.107
10 3.16228
100 14.1421
200 20.0998
300 25.318
400 27.1662
500 32.249
600 39.2046
700 44.0114
800 47.1699
900 49.0918
1000 52.0865
10 3.60555
100 16.1245
200 20.2237
300 25.1794
400 29.2746
500 31.0483
600 34.2053
700 37.054
800 41
900 46.6905
1000 48.8365
10 3.16228
100 13
200 19.2354
300 24.7386
400 27.6586
500 33.2415
600 36.4966
700 39.8121
800 41.2311
900 45.8803
1000 48.2701
10 3.60555
100 11.6619
200 17.4642
300 22.6716
400 28.4253
500 33.9706
600 34.0588
700 35.2278
800 39.9625
900 42.72
1000 47.4236
10 3
100 11.3137
200 16.6433
300 20.8087
400 25.5539
500 29.6985
600 33.2415
700 34.8281
800 41.8688
900 42.638
1000 44.0454
10 3
100 11.4018
200 18.4391
300 20.6155
400 23.3238
500 29.5296
600 32.6497
700 35.3553
800 38.0789
900 40.7185
1000 46.0977
