10 2.82843
100 13.6015
200 19.4165
300 22.1359
400 27.2029
500 32.28
600 36.6742
700 40.7922
800 44.911
900 48.6621
1000 52.6118
10 3
100 11.1803
200 19.0263
300 24.3311
400 26.4764
500 31.257
600 34.3657
700 37.3363
800 39.2046
900 41.3038
1000 46.0977
10 3.16228
100 16.0312
200 22.1359
300 26.4008
400 31.9531
500 36.6879
600 39.5601
700 44.643
800 45.607
900 48.2701
1000 52.6308
10 5.09902
100 12.3693
200 19.3132
300 27.6586
400 30.5941
500 33.7343
600 38.6394
700 41.4849
800 43.1741
900 46.5296
1000 49.0408
10 2.23607
100 12.083
200 18.868
300 22.0227
400 26.0768
500 30.0666
600 32.0624
700 37.6563
800 41.5933
900 47.0744
1000 48.2701
10 3.16228
100 9.21954
200 16.0312
300 23
400 28.0179
500 32.1403
600 35.3553
700 37.3363
800 41
900 44.1475
1000 48.0937
10 3.16228
100 13.4536
200 18.6815
300 26.4197
400 28.6531
500 32.2025
600 34
700 36.3593
800 38.0789
900 42.19
1000 42.72
10 4.12311
100 11.1803
200 18.0278
300 21.2132
400 25.02
500 28.2843
600 33.3766
700 38.4708
800 39.4588
900 42.4264
1000 44.2832
10 4.12311
100 14.1421
200 20.2237
300 25.4951
400 28.0713
500 32.28
600 37.3631
700 40.8044
800 43.1741
900 51.788
1000 53.7587
10 3.16228
100 13.0384
200 17.1172
300 21.1896
400 23.7697
500 27.2947
600 30.6757
700 32.7567
800 35.5106
900 36.1386
1000 39
10 3
100 11.1803
200 18.9737
300 22.1359
400 26.6833
500 29.6142
600 33.2415
700 41.3038
800 45.8912
900 50.8035
1000 52.8867
10 2.82843
100 13.4164
200 19
300 23.0217
400 26.5707
500 29.5466
600 37
700 40.4969
800 42.72
900 45.607
1000 50.448
10 5
100 12.1655
200 18.0278
300 22.8035
400 26.0192
500 30
600 33.1361
700 37.2156
800 41.3038
900 43.4166
1000 45.0999
10 5
100 10.4403
200 17.8045
300 21.2132
400 27.1662
500 31.1448
600 32.0624
700 34.2053
800 37.855
900 40.1123
1000 41.9762
10 3.16228
100 13.0384
200 19.105
300 23
400 26.0768
500 31.0644
600 34.1321
700 37.3363
800 42.107
900 47.1699
1000 48.1664
10 3.16228
100 13.0384
200 18.868
300 23.0217
400 28.6531
500 31.9061
600 36.6742
700 40.3113
800 48.0208
900 54.5894
1000 57.3062
10 4.12311
100 14.4222
200 20.5183
300 26.0768
400 32.2025
500 35.4683
600 37.3631
700 39.8497
800 44.9222
900 49.98
1000 52.2015
10 2.82843
100 13.3417
200 17.72
300 22.3607
400 26.2488
500 28.2843
600 38.1182
700 43.4166
800 45.3982
900 49.2544
1000 50.8035
10 3.16228
100 13.6015
200 19.4165
300 21.9545
400 25.7099
500 29.4109
600 33.8378
700 36.4005
800 40.4599
900 43.1856
1000 45.3431
10 2.23607
100 12.2066
200 18.0278
300 24.6982
400 29.9666
500 34.8855
600 36.7696
700 38.6264
800 40.2244
900 44.4072
1000 46.6154
10 5.09902
100 17.0294
200 24.0208
300 27.074
400 29
500 32.1403
600 35.1283
700 42.0476
800 44.1022
900 49.163
1000 51.2445
10 3.16228
100 13.0384
200 21.2132
300 24.3311
400 28.0179
500 31.5753
600 33.541
700 34.5254
800 37.108
900 40.2616
1000 42.45
10 3
100 12.0416
200 21.5407
300 31.3847
400 39.2173
500 41.6293
600 44.5533
700 47.3814
800 50.0899
900 52.0096
1000 54.5619
10 2.23607
100 12
200 17.2627
300 21.2132
400 25.9615
500 27.7308
600 32.0156
700 33.6155
800 36.6742
900 39.8121
1000 43.382
10 2.23607
100 13.1529
200 20.2237
300 24.0208
400 28.2843
500 32.28
600 37.6431
700 39.9249
800 43.566
900 46.0977
1000 50.01
10 4.47214
100 12.6491
200 18.0278
300 23.0868
400 26.4764
500 30.0666
600 33.0151
700 36.6742
800 38.3275
900 42.4264
1000 45.5412
10 3
100 12.3693
200 21.0238
300 25.318
400 28.4429
500 31.257
600 33.9559
700 36.6742
800 38.6394
900 41
1000 42.9535
10 3
100 11.1803
200 21.4009
300 25
400 27.4591
500 31.257
600 34.0147
700 38.1182
800 41.1947
900 43.1045
1000 46.0435
10 2
100 12.0416
200 17.4929
300 21.587
400 26.9258
500 29.8329
600 34.9285
700 37.3631
800 39.8497
900 42.0595
1000 46.1736
10 3.16228
100 11.7047
200 15.2971
300 20.5913
400 27.2947
500 32.2025
600 35.8469
700 38.833
800 41.1461
900 47.0106
1000 52.8015
10 3.16228
100 12.0416
200 17.2627
300 21.095
400 26
500 29.4109
600 32.7567
700 35.2278
800 39.3192
900 39.6232
1000 42.0476
10 3.16228
100 13.0384
200 16.4012
300 21.5407
400 26.4008
500 30.3645
600 35.9026
700 37.6563
800 41.1096
900 44.9222
1000 45.3542
10 3.60555
100 11.1803
200 19.3132
300 25.632
400 28.1603
500 32.8938
600 38.6264
700 43.9659
800 46.1736
900 47.8017
1000 49.2443
10 3.16228
100 11.4018
200 18.0278
300 23.3452
400 33.3766
500 39.2046
600 41.3038
700 47.5184
800 50.4876
900 53.6004
1000 54.7449
10 2.82843
100 12.8062
200 16.4012
300 20.6155
400 26.0768
500 29.5296
600 30.5287
700 33.0151
800 35.8469
900 38.833
1000 41.6773
10 3
100 11.1803
200 15.8114
300 19.6469
400 23.3452
500 28.4429
600 31.4006
700 34.3657
800 36.2215
900 37.3363
1000 42.72
10 3.16228
100 13.4536
200 16.7631
300 23.0217
400 29.7321
500 34.0147
600 35.3412
700 40.8534
800 42.1545
900 42.5441
1000 44.2832
10 3
100 11.1803
200 15.5242
300 21.0238
400 26.6271
500 28.6531
600 31.305
700 35.0143
800 38.0132
900 40.7185
1000 44.0114
10 2.23607
100 11.7047
200 17.088
300 22.4722
400 27.2029
500 28.6007
600 32.2025
700 35.609
800 38.8973
900 40.4599
1000 44.0454
10 2.23607
100 10.2956
200 17.2047
300 24.6982
400 28.3019
500 29.8329
600 33.9706
700 36.2353
800 39.1152
900 40
1000 42.8019
10 4
100 8.94427
200 16.1555
300 18.6815
400 21.8403
500 28.1603
600 32.9848
700 34.9285
800 36.8782
900 39.6232
1000 42.9535
10 3.60555
100 11.7047
200 17.2627
300 21.0238
400 27.1662
500 28.6356
600 31.1448
700 34.2345
800 39.2046
900 39.2046
1000 41.4367
10 3.16228
100 11.4018
200 18.7883
300 22.1359
400 25
500 29.0172
600 33.0606
700 35.5106
800 39.2938
900 41.4367
1000 45.5412
10 2.23607
100 12.3693
200 18.9737
300 21.2132
400 27.1662
500 30.2655
600 34.3657
700 38.4708
800 43.7379
900 46.5725
1000 50.6952
10 3
100 11.4018
200 17
300 22.2036
400 23.8537
500 27.7849
600 31.241
700 35.2278
800 37.2022
900 39.6989
1000 42.2019
10 3.16228
100 12.083
200 21.3776
300 25
400 28.0713
500 30.0666
600 34.2345
700 39.3192
800 44.0114
900 44.4072
1000 46.2709
10 3
100 13.4164
200 17
300 21.0238
400 25.318
500 30.2655
600 33.3766
700 37.4833
800 39.3192
900 42.9535
1000 45
10 3.16228
100 13.6015
200 19.0263
300 22
400 27
500 29.0172
600 36
700 39.0128
800 41.0488
900 43.0465
1000 46.5296
10 2.82843
100 10.4403
200 14.8661
300 19.8494
400 23.6008
500 26.6271
600 32.45
700 36.4005
800 39.2046
900 42.0119
1000 43.7379
10 3.16228
100 13.0384
200 20.6155
300 27.8568
400 29.1548
500 33.4215
600 39.8246
700 40.6079
800 43.0465
900 45.618
1000 48.7647
