10 3.60555
100 12.6491
200 18.7883
300 23.1948
400 28.2843
500 30.2655
600 33.2415
700 36.1248
800 41.0122
900 45.4533
1000 48.8365
10 3
100 16.1555
200 21.8403
300 26.2488
400 30.6757
500 33.2415
600 37.6431
700 43.0116
800 46.1736
900 47.4342
1000 49.3356
10 5.09902
100 14.4222
200 20.6155
300 26
400 29.7321
500 36.0555
600 39.5601
700 43.6807
800 48.2701
900 52.3927
1000 55.109
10 4.12311
100 15.6525
200 21.095
300 27.2947
400 35.1141
500 37.3363
600 38.8973
700 41.4849
800 44.2945
900 45.31
1000 48.1041
10 2.82843
100 15.5242
200 24.1868
300 29
400 32.0624
500 35.8469
600 38.4838
700 40.1123
800 42.5441
900 44.9444
1000 48.1041
10 3.16228
100 12.0416
200 18.6011
300 23.3452
400 24.7588
500 30.6105
600 34.1321
700 38.4708
800 40.8167
900 41.8808
1000 43.9318
10 3.16228
100 11
200 21.2132
300 26.1725
400 32.0624
500 36.3456
600 42.5793
700 46.8722
800 50.9902
900 55.1453
1000 58.0775
10 3.60555
100 15.2315
200 19.6977
300 24.3311
400 28.6356
500 30.5941
600 31.6228
700 34.176
800 36.0555
900 39.6611
1000 44.643
10 2.23607
100 13.0384
200 19.3132
300 24.0416
400 31.0483
500 36.6879
600 39.8497
700 43.4166
800 44.3847
900 45.8803
1000 49.2443
10 4
100 11.1803
200 17.0294
300 23.4094
400 26.2488
500 28.2843
600 34.0588
700 37.1214
800 39.2046
900 43.2897
1000 44.5533
10 3.16228
100 10
200 18.4391
300 23.4307
400 27.5862
500 30.8869
600 32.3883
700 33.2866
800 36.3593
900 40.3113
1000 42.5441
10 3.16228
100 12.0416
200 16.9706
300 21.5407
400 25.2982
500 26.6833
600 31.257
700 35.0571
800 37.3363
900 39.6232
1000 44.7214
10 3.16228
100 15.2643
200 19.8494
300 26.0768
400 35.3553
500 37.5366
600 41.7732
700 43.1393
800 45.2217
900 49.6488
1000 52.4309
10 2.82843
100 13.3417
200 20
300 25.5539
400 31.0644
500 34.0588
600 38.2099
700 41.1947
800 43.1045
900 47.1699
1000 50.1597
10 4.47214
100 16.7631
200 24.7386
300 27.2947
400 33.2415
500 37.3363
600 39.0512
700 44.1475
800 45.8912
900 48.7647
1000 51.923
10 3.16228
100 12.3693
200 18.4391
300 26.4764
400 29.2062
500 36.1386
600 37.3363
700 39.3573
800 41.6293
900 44.1022
1000 44.7772
10 2.23607
100 16.2788
200 21.2132
300 27.1662
400 31.0161
500 35.1283
600 40.3113
700 42.19
800 43.1741
900 45.7056
1000 48.0521
10 4
100 11.1803
200 18.6815
300 22.8035
400 29.1204
500 32.311
600 36.4005
700 39.5601
800 42.0476
900 44.3847
1000 46.6154
10 2.82843
100 12.2066
200 19.6977
300 28.6356
400 34.2053
500 36.0555
600 38.3275
700 40.0125
800 43.0116
900 44.1814
1000 51.0392
10 3.16228
100 14.1421
200 20.025
300 24.0208
400 28.0179
500 32.0156
600 35.0143
700 37.108
800 40.1123
900 44.0454
1000 46.0977
10 3
100 13.1529
200 22.3607
300 25.318
400 27.8927
500 30.8058
600 33.8378
700 37.6431
800 39.8497
900 44.9444
1000 46.6154
10 2.82843
100 12.0416
200 16.2788
300 23.0868
400 25.9615
500 31.0161
600 37.3631
700 40.025
800 44.2719
900 46.8188
1000 51.5461
10 4.12311
100 12.1655
200 17.8045
300 26.2488
400 32.6497
500 38.1838
600 41.1096
700 45.2769
800 48.7955
900 51.6236
1000 53.7587
10 4.12311
100 12.8062
200 20.5913
300 26.9258
400 33.8378
500 38.4708
600 41.4849
700 45.3542
800 47.2969
900 47.8017
1000 50.5964
10 3.16228
100 14.7648
200 23.0868
300 30.3645
400 36.4005
500 40.5216
600 42.72
700 48.2701
800 50.8035
900 53.6004
1000 55.7315
10 2.23607
100 12.1655
200 17.4642
300 23.0868
400 28.1603
500 32.6956
600 36.7696
700 40.8534
800 42.9535
900 46.0652
1000 48.7545
10 4.12311
100 11.1803
200 20.0998
300 27.1662
400 33.2415
500 35.0571
600 38
700 40.1123
800 44.1814
900 48.2597
1000 51.1566
10 2.23607
100 10
200 18.2483
300 22.3607
400 26.3059
500 31.257
600 35.3553
700 43.4166
800 46.8722
900 50.8035
1000 54.9181
10 3.60555
100 13.6015
200 19.3132
300 24.7386
400 27.2947
500 33.541
600 36.4005
700 39.2173
800 45.8803
900 47.7598
1000 49.3964
10 3.16228
100 12.0416
200 17.6918
300 23.3452
400 28.0179
500 31.3847
600 34.8281
700 37.4433
800 38.833
900 43.566
1000 46.6905
10 3.16228
100 13.3417
200 19.6977
300 23.4094
400 25.4951
500 29.7321
600 34.1321
700 36.3593
800 39.2046
900 41.2311
1000 43.8634
10 4.12311
100 12.3693
200 17.1172
300 20.025
400 22
500 25.1794
600 27.0185
700 30
800 32.573
900 36.0555
1000 39.9249
10 3
100 15
200 21.3776
300 22.8035
400 26.9258
500 31.0161
600 34.7851
700 37.3631
800 40.2616
900 46.5296
1000 52.345
10 2.82843
100 11.4018
200 19.8494
300 24.1868
400 27.0185
500 31.1448
600 36.0694
700 38.9487
800 43.2782
900 44.6878
1000 48.0208
10 3
100 13.1529
200 16.4012
300 21.4709
400 23.6008
500 26.9258
600 30.3645
700 33.9411
800 36.0694
900 37.3363
1000 40.1995
10 3.16228
100 10.4403
200 21.095
300 27
400 29.0689
500 30.8058
600 34.2345
700 38.2099
800 40.4475
900 43.4166
1000 46.5725
10 4.24264
100 14.3178
200 21.095
300 27.2947
400 37.2156
500 42.107
600 45.1774
700 47.1699
800 51.0882
900 53.9351
1000 55.7315
10 3.16228
100 13
200 17.2627
300 23.1948
400 27.0185
500 31.0644
600 37.0135
700 39.1152
800 42.0119
900 48.0104
1000 50.01
10 3.16228
100 14.5602
200 21.3776
300 25.318
400 30.0832
500 33.9559
600 39.4588
700 43.4166
800 45.2769
900 56.2228
1000 58.3095
10 3.16228
100 16.1245
200 20.2485
300 27.4591
400 31.7805
500 36.1386
600 38.0789
700 42.9535
800 47.0744
900 53.3667
1000 55.5428
10 3.16228
100 15
200 18.6011
300 25.6125
400 30.5287
500 36.2353
600 41.0488
700 45.2217
800 47.7074
900 49.7393
1000 51.9711
10 2
100 9.84886
200 16.9706
300 20.8087
400 24.3516
500 28
600 31
700 35.2278
800 38.2753
900 41.0122
1000 46.0109
10 4
100 14.3178
200 28.2843
300 31.6228
400 35.0571
500 40.8044
600 44.3847
700 46.8188
800 49.0408
900 51.1957
1000 53.3667
10 4
100 14.8661
200 18.6815
300 22.2036
400 26.6271
500 30.0167
600 35.6931
700 38.833
800 41.6293
900 42.9535
1000 45.0444
10 3.16228
100 11.4018
200 23.5372
300 28.6356
400 30.4138
500 34.4819
600 36.1248
700 37.4833
800 40.025
900 42.45
1000 46.3249
10 3.16228
100 12.7279
200 19.0263
300 25.2389
400 30.2324
500 32.7567
600 37.2156
700 42.9535
800 45.31
900 50.9215
1000 53.7587
10 3.16228
100 13.0384
200 22.0227
300 33.1361
400 34.1321
500 37.2156
600 40.1995
700 41.3038
800 43.1045
900 47.0425
1000 49.0408
10 4.47214
100 12.0416
200 19
300 25.0799
400 29.2746
500 30.4138
600 32.7567
700 39.3192
800 43.1856
900 50.0899
1000 54.037
10 3.16228
100 13.6015
200 22.0907
300 26.3059
400 32.249
500 34.5254
600 36.3456
700 39.4588
800 45.2769
900 48.8365
1000 52.9528
10 3.60555
100 13
200 19.105
300 22.8035
400 27.4591
500 32.3883
600 36.3456
700 40.7922
800 43.1856
900 45.8912
1000 47.8539
