10 2.82843
100 13.4164
200 16.1555
300 22.2036
400 28.2843
500 31.1448
600 37.1214
700 43.7379
800 47.5184
900 48.8365
1000 50.6952
10 3
100 9.89949
200 16.9706
300 22.4722
400 29
500 33.121
600 35.9026
700 40.6079
800 43.7379
900 46.3249
1000 48.1664
10 2.23607
100 13.0384
200 19.4165
300 23.0217
400 27.7849
500 29.9666
600 35.1141
700 39.2173
800 42.1545
900 44.643
1000 47.0106
10 4.24264
100 12.0416
200 17.0294
300 22.0227
400 26.6833
500 32.3883
600 34.7131
700 38.4708
800 43.566
900 47.0744
1000 49.8197
10 3.16228
100 14.0357
200 20.0998
300 25.02
400 27.6586
500 30.0832
600 34.5254
700 40.4475
800 43.4166
900 46.3897
1000 48.2597
10 5
100 13
200 17.4642
300 22.0227
400 28.0713
500 36.0555
600 38.0132
700 41.0122
800 44.0454
900 46.0435
1000 48.0937
10 2.23607
100 14.3178
200 22.4722
300 30.5941
400 34.7851
500 39
600 41.1461
700 42.4853
800 45.3982
900 48.0937
1000 52.0096
10 2.23607
100 12.1655
200 22.1359
300 30.6757
400 37.6431
500 40.1622
600 46.1736
700 48.7032
800 51.788
900 53.4509
1000 57.5674
10 2.23607
100 14.3178
200 20.8806
300 25.4951
400 29.0689
500 32.0156
600 37.6563
700 39.8121
800 41.4849
900 44.2719
1000 46.5725
10 2.23607
100 11.6619
200 18.0278
300 20.8087
400 27.4591
500 33.4215
600 37.5366
700 38.4187
800 42.0119
900 47.0106
1000 49.4065
10 3.16228
100 11.1803
200 17.4642
300 21.0238
400 24.0208
500 30.0167
600 32.1403
700 35.7351
800 40.0125
900 43.3244
1000 47
10 4
100 12.53
200 18.868
300 24.4131
400 31.305
500 32.6497
600 33.6155
700 35.4683
800 37.8021
900 41.7612
1000 45.5412
10 4.47214
100 15.6525
200 21.2132
300 26.0768
400 28.4605
500 31.9531
600 36.4005
700 37.6431
800 41
900 43.0813
1000 46.2385
10 3
100 13.4164
200 17.8885
300 23.4094
400 29.4109
500 34.7131
600 40.4475
700 45.2769
800 49.0918
900 53.1507
1000 54.0093
10 3.60555
100 18.0278
200 22.2036
300 29.0172
400 37.1214
500 41.3038
600 47.5184
700 51.4198
800 54.3415
900 57.4891
1000 64.7611
10 3.16228
100 12.2066
200 17.8045
300 24.4131
400 35.3553
500 43.0813
600 45.618
700 47.0106
800 49.93
900 52.8015
1000 57.4891
10 3
100 14.1421
200 20.2237
300 23.3452
400 26.1725
500 29.6142
600 38.3275
700 43.4166
800 46.5296
900 50.636
1000 52.1728
10 3
100 14.0357
200 17.8885
300 24.3516
400 28.4605
500 29.4109
600 32.8938
700 34.5398
800 37.2156
900 44.0114
1000 48
10 4.24264
100 11.1803
200 18.2483
300 24.0832
400 27.0185
500 30.0167
600 33.0606
700 35
800 39.5601
900 42.3792
1000 45.5412
10 3.16228
100 11.1803
200 15.5242
300 20.2485
400 24.1661
500 28.2312
600 33.541
700 37.6563
800 39.3192
900 41.3038
1000 43.4166
10 3.16228
100 16.7631
200 22.4722
300 26.9258
400 30.4138
500 33.1059
600 37.5766
700 39.9249
800 43.6578
900 45.6946
1000 50.2892
10 4
100 12.1655
200 19.105
300 25.0799
400 32.1403
500 39.0128
600 42.0476
700 44.0454
800 47.0425
900 50.04
1000 54.0833
10 4
100 11.4018
200 18.0278
300 26.1725
400 33.0151
500 39.0128
600 42.19
700 45.1774
800 47.0425
900 52.1536
1000 53.3385
10 4.12311
100 16.1245
200 21.2132
300 24.7588
400 33.0151
500 38.833
600 43.0116
700 44.2041
800 45.8039
900 48.8262
1000 48.8262
10 4.12311
100 10.4403
200 17
300 20.6155
400 25.4951
500 31.4006
600 33.9706
700 35.8469
800 39.3573
900 41.5933
1000 46.1736
10 3
100 12.2066
200 17.0294
300 25.0799
400 26.3059
500 31.257
600 34.2345
700 36.8782
800 38.6394
900 41
1000 45.1221
10 3
100 14.5602
200 21.3776
300 26
400 29.8329
500 33.3766
600 34.0147
700 37.1214
800 45.5412
900 47.7598
1000 51.8652
10 3.16228
100 15.2971
200 24.0832
300 33.2415
400 37.855
500 40.6079
600 44.5533
700 47.5184
800 50.3587
900 52.1536
1000 55.0818
10 4
100 12
200 19.9249
300 24.4131
400 32.28
500 33.7343
600 37.6431
700 38.3275
800 44.3847
900 45.8803
1000 47.4342
10 3.16228
100 12.6491
200 20.6155
300 24.5153
400 28.1603
500 36.0555
600 40.05
700 42.2019
800 46.3897
900 48.2597
1000 50.8035
10 2.23607
100 12.083
200 17.8045
300 22.8254
400 28.1603
500 30.8707
600 32.6956
700 36.1248
800 40.1123
900 42.72
1000 43.8292
10 3.16228
100 15.2971
200 20.1246
300 23.1948
400 27.8927
500 31.5753
600 35.5106
700 38.4708
800 39.4588
900 42.3792
1000 43.3244
10 3.16228
100 14.3178
200 22.0227
300 27.0185
400 33.0151
500 35.0571
600 39.3192
700 42.5793
800 48.5077
900 48.5077
1000 50.3587
10 2.82843
100 15.2643
200 20.0998
300 23.3452
400 29.1548
500 35.0571
600 37.054
700 41.0488
800 43.7379
900 48.0416
1000 52.0865
10 3.16228
100 12.0416
200 20.2237
300 25.4951
400 29.2746
500 33.0151
600 38.0132
700 42.0119
800 45.0999
900 46.0435
1000 51.0882
10 4.47214
100 13
200 17.72
300 21.587
400 25.4951
500 30.5941
600 32.1403
700 36.6742
800 39.4588
900 43.9318
1000 48.6621
10 2.23607
100 13.1529
200 20.6155
300 27.4591
400 32.7567
500 34.7131
600 36.6742
700 41.0488
800 43.0465
900 45.8912
1000 47.0744
10 3
100 12.3693
200 18.2483
300 23.0868
400 26.6271
500 29.9666
600 35.4683
700 37.1618
800 40.3113
900 44.3847
1000 45.6946
10 3.16228
100 13.9284
200 18.0278
300 21.8403
400 28.2843
500 31.4006
600 35.0143
700 39.1152
800 43.1856
900 44.2832
1000 48.3735
10 3
100 11.0454
200 19.9249
300 25.0799
400 25.9422
500 30.8869
600 36.7151
700 36.7151
800 41.4367
900 45.1885
1000 47.8539
10 3.60555
100 13.1529
200 20.3961
300 22.3607
400 25.6125
500 29.6142
600 31.8277
700 33.2415
800 36.4966
900 41.1096
1000 44.0454
10 3
100 13.4164
200 17.4642
300 22.8035
400 27.8927
500 30.1496
600 36.2215
700 39.3192
800 43.0465
900 45.618
1000 46.5188
10 2
100 10.4403
200 17.0294
300 23.7065
400 29.4109
500 35.171
600 36.8782
700 41.6173
800 44.6878
900 49.93
1000 54.0833
10 3.16228
100 15.1327
200 24.0416
300 25.4951
400 30.6757
500 34.7851
600 39.2173
700 40.3113
800 46.4866
900 49.6488
1000 57.3149
10 2.82843
100 14.7648
200 22.8035
300 26.3059
400 29.2746
500 32.0624
600 36.0555
700 38.0132
800 40.1622
900 42.0119
1000 48.0104
10 5.38516
100 11.1803
200 19.799
300 25
400 31.1448
500 37.0135
600 42.638
700 44.4072
800 46.0435
900 50
1000 52.4976
10 2.23607
100 14.4222
200 16.6433
300 20.2485
400 25.632
500 29.1548
600 32.2025
700 36.0555
800 37.9473
900 40.3113
1000 42.1545
10 3.60555
100 11.4018
200 15.6205
300 20.2485
400 27.2029
500 30.3645
600 33.541
700 37.1214
800 41.5933
900 42.5441
1000 46.0977
10 3.16228
100 15.5242
200 21.0238
300 25.4951
400 27.7308
500 32.0156
600 38.833
700 41.7732
800 44.1814
900 49.0408
1000 51.1957
10 3.60555
100 11.6619
200 16.6433
300 24.6982
400 29.1548
500 31.9531
600 34.4819
700 37.3631
800 40.5216
900 44.1475
1000 48.0521
