10 4.12311
100 13.4536
200 19.8494
300 23.7697
400 29
500 34.5254
600 40.0125
700 44.3847
800 47.2969
900 54.1202
1000 58.5235
10 2.82843
100 13.1529
200 19.2354
300 22.2036
400 30
500 37.0135
600 40.1995
700 41.1947
800 43.0465
900 44.5533
1000 45.607
10 3.16228
100 12.53
200 18.1108
300 23.2594
400 27
500 33.2415
600 36.7967
700 42.638
800 45.3431
900 46.8615
1000 48.9183
10 3.16228
100 12.3693
200 16.4012
300 19.2354
400 24.2074
500 27.0185
600 30.2655
700 33.2415
800 37.1214
900 41.1096
1000 46.1736
10 3.16228
100 15.2643
200 25.0799
300 31.4006
400 37.3363
500 41.1947
600 47.0106
700 52.0096
800 54
900 59.0339
1000 63.0317
10 4
100 11.7047
200 22.2036
300 25.2389
400 29.1548
500 35.4683
600 39.3954
700 42.4853
800 43.6578
900 47.4342
1000 49.0408
10 3.60555
100 13.1529
200 17.2047
300 20.3961
400 25.4951
500 29.5296
600 34.8855
700 37.6431
800 41.4849
900 43.4166
1000 46.3249
10 3
100 11.1803
200 19.2354
300 25.632
400 33.5261
500 38.2753
600 43.6807
700 45.8803
800 48.7545
900 50.9902
1000 52.3546
10 4
100 15.1327
200 19.0263
300 22.0907
400 26.0192
500 31
600 33.0606
700 35.5106
800 40.7063
900 42.4853
1000 43.8292
10 5
100 12.0416
200 19.0263
300 24.0832
400 27.8927
500 31.7805
600 35.9026
700 39.8121
800 40.2616
900 42.9535
1000 44.911
10 2.23607
100 14
200 21.095
300 26.1725
400 30.4138
500 33.2415
600 39.0512
700 42.0476
800 44.1814
900 46.1736
1000 50
10 4
100 10
200 15.5242
300 21.0238
400 25.1794
500 28.1603
600 34
700 37.0135
800 38.0789
900 42.2019
1000 48.2597
10 4
100 15.1327
200 19.6469
300 24.5153
400 28.7924
500 32.6956
600 35.7351
700 38.2753
800 40.8044
900 47.8017
1000 48.4665
10 4
100 14.1421
200 23.3452
300 27.6586
400 34.5254
500 39.3192
600 43.1045
700 47.0956
800 51.0098
900 55.0364
1000 59.0085
10 4
100 16.1245
200 22.3607
300 27.4591
400 29.4279
500 32.3883
600 35.1141
700 37.4833
800 39.3954
900 43.0813
1000 45.6946
10 4.47214
100 13.0384
200 20.2237
300 25.4951
400 31.257
500 36.0555
600 38.0132
700 41.0488
800 44.1814
900 52.1536
1000 56.1427
10 2.82843
100 17.0294
200 21.4009
300 28.0179
400 34.8281
500 40.3609
600 43.8292
700 47.1699
800 50.9902
900 56.0803
1000 58.1378
10 4.12311
100 12.3693
200 21.2132
300 24.3311
400 27.2947
500 32
600 33.1361
700 35.3553
800 39.5601
900 43.0116
1000 45.618
10 3.16228
100 15.0333
200 22.2036
300 27.4591
400 32.5576
500 37.2156
600 40.025
700 43.4166
800 45.607
900 48
1000 53.0094
10 2.23607
100 12.083
200 18.0278
300 24.2074
400 29.0689
500 32.573
600 38.3275
700 40.7922
800 43.1741
900 46.3249
1000 49.2443
10 3.16228
100 10.4403
200 18
300 22.0227
400 24.1661
500 32.1403
600 35.1283
700 41.1096
800 46.0977
900 50.2494
1000 53.0094
10 2.23607
100 11.6619
200 17.2047
300 23.0868
400 31.6228
500 35.8469
600 41.3401
700 42.19
800 44.0454
900 52.0865
1000 59.2115
10 3.16228
100 11.6619
200 17
300 22.8035
400 26.9258
500 28.2312
600 31.305
700 38.0789
800 39.6611
900 43.8292
1000 47.1699
10 2.82843
100 12.8062
200 20.6155
300 24.0832
400 31.9061
500 38.4708
600 42.4382
700 45.2217
800 46.9574
900 48.3735
1000 51.1077
10 2.82843
100 11.1803
200 17.6918
300 22.561
400 25.318
500 28.1603
600 32.0156
700 34.9285
800 37.855
900 40.3609
1000 42.5793
10 2.23607
100 12.8062
200 17.1172
300 22.0907
400 24.0208
500 27.7308
600 29.5466
700 34
800 37.1214
900 39.8121
1000 40.4969
10 2.23607
100 11.7047
200 18.6815
300 25.2982
400 28.1603
500 30.6757
600 38.0789
700 40.025
800 42.2019
900 43.9659
1000 47.676
10 3.16228
100 13.1529
200 21.5407
300 22.8473
400 25.632
500 27.5136
600 33.4215
700 37.8021
800 39.8246
900 42.9535
1000 47.0106
10 2.82843
100 17.72
200 26.0192
300 31.8277
400 36.8782
500 40.4599
600 43.2666
700 51.3128
800 56.4004
900 61.8547
1000 67.2012
10 3
100 10.6301
200 15.1327
300 20.2237
400 27.2029
500 33.8378
600 39
700 42.3792
800 45.5412
900 47.1275
1000 48.7647
10 2.23607
100 14.0357
200 22
300 31.0161
400 37.2156
500 42.4264
600 44.4072
700 46.3897
800 48.0521
900 50.6952
1000 51.788
10 5
100 12.0416
200 17.4642
300 20.6155
400 24.7588
500 30.6105
600 32.0156
700 35.2278
800 38.6005
900 42.638
1000 45.2769
10 2.82843
100 13.0384
200 18.4391
300 23.4307
400 32.3883
500 37.1214
600 42.107
700 46.3897
800 49.4975
900 54.4518
1000 56.2939
10 2.82843
100 12.0416
200 18.4391
300 21.4709
400 25.7099
500 26.6833
600 29.1548
700 34
800 36.7696
900 39.9249
1000 41.6293
10 3
100 12
200 19.6469
300 30.1496
400 39.2046
500 42.107
600 48.3735
700 56.2228
800 58.4209
900 61.9839
1000 65.7647
10 3.60555
100 16.2788
200 25
300 31.0161
400 33.0606
500 36.0555
600 40.1123
700 43.1856
800 44.7214
900 46.6905
1000 50.4876
10 2.82843
100 14.4222
200 20.5913
300 25.0799
400 27.7849
500 32.2025
600 38.2753
700 43.0813
800 44.3847
900 49.0306
1000 52.3927
10 3
100 11.4018
200 18.0278
300 24.1661
400 32.9848
500 35.9026
600 38.833
700 43.1741
800 46.6905
900 48.5077
1000 52.0865
10 3.16228
100 12.3693
200 20.2237
300 25.7099
400 27.8927
500 31.0483
600 34.6554
700 43.4166
800 47.2969
900 49.4773
1000 52.3927
10 4.12311
100 15.2643
200 20
300 26.2488
400 29.0689
500 29.8329
600 32.45
700 36.4005
800 40.1622
900 43.9659
1000 47.0106
10 3.16228
100 10.4403
200 19.6977
300 23.7697
400 33.5261
500 38.2753
600 41.1096
700 43.4166
800 45.2217
900 47.8539
1000 52.469
10 5.09902
100 12.53
200 17.2047
300 23.2594
400 27.4591
500 30.5941
600 33.7343
700 37.1214
800 40
900 41.0122
1000 45
10 3.60555
100 15
200 19.6977
300 25.9615
400 28.8617
500 32.0156
600 34.1321
700 37.3363
800 39.2046
900 41.8808
1000 45.2217
10 3.16228
100 13.1529
200 20.3961
300 25.9615
400 30.3645
500 35.1141
600 38.4838
700 41.2311
800 44.0114
900 45.6508
1000 49.3356
10 4.47214
100 14.1421
200 21.2603
300 28.3019
400 32.7567
500 36.3593
600 42.9418
700 45.618
800 47.4236
900 47.927
1000 49.6588
10 3.60555
100 12.3693
200 19.2354
300 25.0799
400 27.7308
500 34.9285
600 37.5899
700 43.0813
800 46.4866
900 50.2892
1000 54.5711
10 3.60555
100 14.2127
200 21.5407
300 27.7308
400 32.249
500 37.4433
600 42.19
700 44.7772
800 47.4236
900 51.6236
1000 55.0364
10 3.16228
100 15.1327
200 19.2354
300 24.3311
400 32.7567
500 37.108
600 42.45
700 47.7598
800 51.0784
900 53.4883
1000 56.3649
10 3.60555
100 15.6205
200 22.4722
300 28.6356
400 33.121
500 40.3113
600 44.7772
700 48.1041
800 55.9732
900 61.0328
1000 65.4599
10 3.16228
100 15
200 22.3607
300 26.8328
400 30.5287
500 34.3657
600 36.6879
700 39.5601
800 45.1221
900 47.1275
1000 47.1699
