10 4
100 15.0333
200 24.6982
300 28.0179
400 34.0147
500 36.1248
600 40.1123
700 46.1736
800 48.0416
900 50.4876
1000 52.9528
10 4.47214
100 11.7047
200 18.4391
300 26
400 28.4429
500 30.4138
600 34.0588
700 37.0135
800 40.4969
900 44.7772
1000 47.927
10 3.16228
100 14.3178
200 21.6333
300 25.807
400 31.3847
500 35.7771
600 40.7185
700 42.0476
800 46.0652
900 48.8262
1000 52.6308
10 3.60555
100 13.1529
200 19.4165
300 23.0217
400 29.0172
500 34.2053
600 37.054
700 39.9625
800 45.3982
900 48.2597
1000 52.2398
10 2.23607
100 11.7047
200 18.0278
300 20.1246
400 23.5372
500 27.4591
600 31.4006
700 34.3657
800 36.3456
900 39.6232
1000 43.566
10 3.16228
100 13.0384
200 19.4165
300 24.6982
400 27.8927
500 33.9559
600 39.5601
700 44.5982
800 49.98
900 53.4883
1000 55.7136
10 3
100 14.3178
200 19.6469
300 25
400 28.1603
500 32.5576
600 36.3456
700 40.3113
800 42.2966
900 46.2709
1000 48.2597
10 3.16228
100 16.7631
200 27.6586
300 36.4966
400 41.4367
500 44.4072
600 45.7056
700 50.636
800 53.3667
900 55.3173
1000 58.1893
10 3
100 19.0263
200 26
300 30.5941
400 35.0143
500 38
600 43.0465
700 45.0444
800 47.0956
900 49.0408
1000 51.0098
10 2.23607
100 15.1327
200 23.0868
300 27.6586
400 34.7131
500 41.5933
600 47.676
700 51.788
800 55.7315
900 57.2713
1000 62.0322
10 3.16228
100 13.4164
200 20.8806
300 24.7386
400 32.573
500 34.2053
600 38.3275
700 41
800 43.1045
900 47.0106
1000 55
10 5
100 15.1327
200 21.2132
300 31.1448
400 35.2278
500 38.3275
600 42.45
700 47.0744
800 50.2195
900 53.8516
1000 55.9732
10 4.12311
100 14.1421
200 23.0868
300 29.0689
400 37
500 43.0116
600 45.0111
700 49.0408
800 51.0098
900 54
1000 56.0089
10 3.16228
100 12
200 17.2627
300 22.2036
400 28.0713
500 33.1361
600 37.1214
700 40.1995
800 42.2966
900 46.0977
1000 50.0899
10 3
100 16.1245
200 22.2036
300 26.9258
400 32.2025
500 38.4838
600 46.5188
700 50.0899
800 54.1295
900 56.7979
1000 58.6941
10 3.16228
100 13.9284
200 18.9737
300 23.4094
400 29.8329
500 32.9848
600 36.4005
700 39.5601
800 44.5982
900 46.6154
1000 49.6588
10 3.16228
100 14.0357
200 21.3776
300 26.0192
400 30.2655
500 34.3657
600 38.3275
700 40.1995
800 42.2966
900 43.4166
1000 45.5412
10 4.12311
100 13
200 21.587
300 25.2982
400 28.0713
500 33.2415
600 37.2156
700 40.1123
800 41.5933
900 44.3847
1000 48.2597
10 2.82843
100 11.0454
200 16.4924
300 22.4722
400 24.5153
500 32.7567
600 36.2215
700 38.0789
800 42.4264
900 43.8634
1000 47.5395
10 2.23607
100 10.6301
200 17.2627
300 24.0832
400 29.1548
500 32.249
600 36.2215
700 38.4708
800 42.0476
900 45.2769
1000 47.5079
10 3.16228
100 12.0416
200 15.2643
300 22.8473
400 25.4951
500 29.5296
600 31.305
700 32.6497
800 35.8469
900 40.4969
1000 43.0116
10 3.60555
100 15.2643
200 22.0227
300 25.807
400 28.0713
500 32.249
600 36.2491
700 39.3192
800 41.3038
900 43.2897
1000 48.3322
10 4.12311
100 14.1421
200 19.0263
300 24.0832
400 28.2843
500 35.3553
600 37.2156
700 40.6079
800 44.4072
900 47.3814
1000 51.6236
10 3.16228
100 14.8661
200 21.095
300 26.4197
400 31.7648
500 33.121
600 39.1152
700 43.4166
800 47.4236
900 49.0408
1000 54.7083
10 5
100 10.2956
200 19.6469
300 23.4307
400 29.7321
500 34.6554
600 37.4833
700 42.8019
800 46.0435
900 50.2494
1000 52.8394
10 3
100 13.8924
200 20.2485
300 24.8395
400 29.7321
500 32.5576
600 38.2753
700 40.8044
800 42.9418
900 47.1275
1000 49.6588
10 3
100 14.8661
200 23.0217
300 28.0713
400 31.0644
500 34.1321
600 39.2046
700 43.4166
800 46.6905
900 50.3289
1000 52.4976
10 5.09902
100 15.5563
200 18.4391
300 26.2488
400 31.6228
500 33.3017
600 38.0132
700 43.2666
800 46.1411
900 49.7393
1000 53.2353
10 3.16228
100 12.083
200 21.095
300 28.0713
400 32.28
500 36.6742
600 39.6232
700 43.566
800 46.5296
900 53.4603
1000 56.7186
10 2.23607
100 15.8114
200 21.5407
300 28.6356
400 33.1059
500 36.1248
600 43.9318
700 47.5079
800 49.4065
900 52.9245
1000 56.0803
10 5.09902
100 17.0294
200 28.0713
300 31.0644
400 36.0555
500 39.0512
600 43.0116
700 48.0416
800 49.0918
900 54.0093
1000 58.0345
10 3.60555
100 18.0278
200 26.0768
300 29.1548
400 33.2415
500 37.2156
600 40.4475
700 44.4072
800 49.2544
900 56.2228
1000 60.407
10 4.47214
100 14.7648
200 20.2485
300 27.5862
400 31.3847
500 43.1741
600 45.3542
700 49.7293
800 52.6308
900 55.3624
1000 57.9741
10 3.16228
100 12.2066
200 18.2483
300 26.0768
400 32.0624
500 42.19
600 46.1736
700 47.2652
800 51.1566
900 55.5788
1000 56.5685
10 3.16228
100 15.6205
200 21.2132
300 26.1725
400 28.3019
500 31.4006
600 32.7567
700 35.7351
800 38.833
900 44.8219
1000 47.4236
10 3
100 12.1655
200 20.6155
300 25.2982
400 28.4605
500 30.4138
600 34.8281
700 41.0488
800 45
900 47.5079
1000 55.0091
10 4.12311
100 12.6491
200 19.6469
300 25.1794
400 29.6142
500 34.5254
600 39.2938
700 41.4849
800 44.643
900 45.3982
1000 47.0425
10 3.16228
100 16.7631
200 21.0238
300 25.4951
400 29.2062
500 33.4215
600 36.7967
700 38.2884
800 41.7253
900 45.0999
1000 48.1664
10 3.16228
100 9.84886
200 17.2047
300 22.8035
400 25.807
500 29.4109
600 32.2025
700 35.5106
800 38.9487
900 40.7063
1000 42.0595
10 2.23607
100 12.0416
200 16.4012
300 20.5913
400 24.6982
500 29.9666
600 33.1059
700 36.7696
800 41.2311
900 45.31
1000 47.7598
10 3.16228
100 12.53
200 20.0998
300 25.318
400 29.2746
500 32.3883
600 33.9559
700 37.4833
800 42.2019
900 44.1475
1000 48.5489
10 3.16228
100 19.105
200 26.6833
300 32.5576
400 39.0128
500 43.0116
600 47.0106
700 52.0865
800 53.2353
900 56.4358
1000 59.6825
10 2.23607
100 12.1655
200 19.7231
300 24.3311
400 29.0689
500 32.6956
600 37
700 41.4849
800 45.607
900 49.4773
1000 53.3667
10 4.12311
100 12.6491
200 19.799
300 24.7588
400 29.6985
500 35.4683
600 40.6079
700 44.6542
800 48.6004
900 51.4004
1000 55.8032
10 3.16228
100 14.5602
200 20.3961
300 23.3452
400 29.2746
500 33.2415
600 37.2156
700 42.19
800 46.1736
900 50.0899
1000 52.1536
10 2.82843
100 14.0357
200 22.0907
300 28.1603
400 36.0555
500 38.4708
600 43.1045
700 44.0454
800 46.6905
900 49.0102
1000 52.0096
10 4
100 12.0416
200 19.4165
300 25.807
400 30.0832
500 36.4005
600 40.025
700 42.72
800 45.7056
900 48.3735
1000 51.9711
10 3.16228
100 12.1655
200 18.2483
300 22.0907
400 29.1548
500 33
600 35.0571
700 38.0526
800 39.2046
900 44.5533
1000 48.6621
10 3.16228
100 15.2971
200 22.3607
300 30.0666
400 33.0606
500 36.7696
600 40.1622
700 44.9444
800 48.4665
900 50
1000 54.3415
10 4.47214
100 13.0384
200 19.2354
300 23.5372
400 29.6142
500 34.9285
600 35.7351
700 41.0488
800 43.1856
900 44.1814
1000 48.0937
