10 3
100 13.1529
200 21.095
300 24.1868
400 28.2843
500 32.0624
600 34.4819
700 40
800 43
900 46.0977
1000 49.0408
10 3.16228
100 15.0333
200 23.1948
300 33.2415
400 38.1182
500 42
600 49.0102
700 54.0093
800 56.0357
900 58.1378
1000 59.1354
10 3.16228
100 13.9284
200 21.2132
300 25.0599
400 30.0167
500 33.541
600 38.0132
700 39.3573
800 42.9418
900 44.2945
1000 47.8539
10 3.16228
100 14.2127
200 20.2237
300 24.1868
400 27.4591
500 31.7805
600 35.9026
700 40.5216
800 44.2719
900 47.1275
1000 50
10 4
100 13.1529
200 21.095
300 24.7386
400 29.5296
500 34.9857
600 41.6293
700 43.3244
800 46.0652
900 47.8539
1000 51.0784
10 2.82843
100 16.1245
200 25.02
300 31.0644
400 38.0526
500 43.0116
600 46.0977
700 49.0918
800 53.0848
900 54.037
1000 55.0364
10 3.16228
100 17
200 24.6982
300 26.6271
400 32.0156
500 38.2753
600 41.8808
700 47.7074
800 51.614
900 54.4059
1000 56.9386
10 3
100 17.72
200 23.0217
300 29.4279
400 33.7343
500 36.4966
600 40.3113
700 43.1856
800 49.2544
900 55.1453
1000 58.1378
10 3
100 15.2971
200 20.8806
300 26.0768
400 29.0689
500 34.0588
600 37.054
700 39.8121
800 44.911
900 56.0892
1000 59.203
10 5
100 15.2971
200 25
300 26.4008
400 29.6816
500 33.6155
600 36.1248
700 40
800 43.1393
900 47.4342
1000 52.4309
10 2.82843
100 17.1172
200 21.2132
300 26.0192
400 33
500 35.1283
600 37.2156
700 43.1045
800 48.0104
900 50.0899
1000 52.345
10 5.65685
100 16.1245
200 22.8035
300 28.0179
400 30.1496
500 32.1403
600 35.2278
700 40.3113
800 43.2897
900 48.5077
1000 51.6236
10 3.16228
100 13.1529
200 20.6155
300 29.2746
400 38.0526
500 41.0488
600 44.1022
700 48.0416
800 53.0094
900 55.0091
1000 60.1332
10 3.60555
100 18.6815
200 26.4197
300 31.0644
400 32.7567
500 37.8021
600 41.8808
700 47.7074
800 52.4786
900 57.3062
1000 63.5059
10 4.12311
100 20
200 27.0185
300 31.0644
400 35.3553
500 41.1096
600 44.4072
700 47.676
800 52.0384
900 55.0091
1000 64.0078
10 2.23607
100 10.2956
200 17.72
300 24.7386
400 31.3209
500 36.1386
600 41.7852
700 44.9444
800 49.6488
900 52.4976
1000 54.4059
10 4.12311
100 14.8661
200 21.2132
300 27.1662
400 33.0151
500 37.054
600 39.4588
700 43.2897
800 45.5412
900 46.6905
1000 50.9608
10 2.23607
100 11.4018
200 19.8494
300 25.4951
400 30.0832
500 32.0156
600 36.1248
700 40.7922
800 45.3982
900 48.3735
1000 50.9902
10 3.16228
100 16.0312
200 23.1948
300 27.6586
400 32.0156
500 36.3456
600 40.2616
700 43.1045
800 44.2945
900 46.9574
1000 50.5371
10 3.60555
100 18.2483
200 23.7697
300 27.8568
400 33.6155
500 35.4683
600 38.8973
700 42.2019
800 44.1475
900 45.2769
1000 49.6488
10 3.60555
100 18.4391
200 24.0416
300 28.4605
400 35.1141
500 42.2019
600 49.7293
700 54.4059
800 57.9396
900 59.4811
1000 62.0322
10 4.12311
100 13.4536
200 20.2485
300 26.0768
400 34.1321
500 40.05
600 43.2897
700 46.0435
800 48.1664
900 51.1566
1000 55.0091
10 3.16228
100 12.6491
200 21.9317
300 26
400 31.7805
500 34.5398
600 39.9249
700 41.7852
800 43.4166
900 47.2969
1000 49.3964
10 3
100 17.4642
200 19.105
300 22.0227
400 27.5862
500 31.241
600 35.2278
700 39.1152
800 42.0595
900 47.4131
1000 51.1077
10 3.60555
100 14.5602
200 20.8806
300 24.7588
400 32.6497
500 35.3412
600 39.3954
700 41.2311
800 43.4166
900 45.9674
1000 51.6624
10 2.23607
100 17.1172
200 20.8806
300 25.0599
400 28.0179
500 32.0624
600 36.0694
700 38.8973
800 43.0116
900 46.0109
1000 49.0408
10 3.60555
100 13.1529
200 24.0208
300 29.0689
400 34.0588
500 38.3275
600 40.7922
700 44.5533
800 48.5077
900 50.4876
1000 52.469
10 5
100 14.3178
200 19.2354
300 26.5707
400 29.7321
500 36.0555
600 39.5601
700 46.2385
800 50.1199
900 51
1000 54.5894
10 3.16228
100 13
200 18.1108
300 28.0179
400 32.249
500 36.3456
600 44.4072
700 46.5296
800 49.366
900 53.3385
1000 56.4358
10 2.82843
100 19.4165
200 26.1725
300 30.4138
400 34.0588
500 36.4966
600 38.1182
700 40.7922
800 46.3897
900 49.366
1000 53.3385
10 3.60555
100 14.1421
200 21.0238
300 28.0179
400 34.4819
500 37.6431
600 39.4588
700 42.4382
800 45.3431
900 49.0408
1000 52.2015
10 3.16228
100 14.8661
200 20.8806
300 27.0185
400 29.6142
500 33.2415
600 42.2019
700 48.0521
800 51.1957
900 52.1728
1000 53.6004
10 3
100 12.3693
200 17.1172
300 20.6155
400 24.7386
500 28.4605
600 35.7351
700 36.0555
800 38.8973
900 40.8044
1000 43.6807
10 2.23607
100 13.4536
200 21.4709
300 28.7924
400 30.4631
500 34.4819
600 38.0789
700 44.911
800 50.8035
900 55.109
1000 59.6825
10 2.82843
100 13.6015
200 20.025
300 25.1794
400 29.1548
500 33.2415
600 37.3363
700 39.8497
800 45.8803
900 47.7598
1000 49.7293
10 2.82843
100 14.1421
200 21.587
300 24.6982
400 28.4605
500 31.0483
600 34.9285
700 38.5876
800 41.7732
900 43.0465
1000 46.0652
10 4.24264
100 16.1555
200 25.4951
300 27.6586
400 29.8329
500 34.9285
600 35.9026
700 41.4367
800 46.2709
900 50.4876
1000 53.6004
10 4.12311
100 14.8661
200 20.6155
300 27.0185
400 31.8904
500 34.6554
600 36.8782
700 41
800 45.2548
900 48.7955
1000 52.469
10 4.12311
100 15.2971
200 21.9317
300 25.9615
400 30.4138
500 35.3553
600 38.2099
700 45.1774
800 50.1597
900 53.7587
1000 57.1402
10 3.16228
100 13.3417
200 19.2094
300 27.6586
400 33.0151
500 36.7151
600 38.9487
700 45.618
800 50.6952
900 52.9245
1000 56.0357
10 3.16228
100 18
200 24.3311
300 30.3645
400 36.1386
500 39.5601
600 41.4849
700 44.9222
800 47.7598
900 52.2015
1000 55.9464
10 3.16228
100 12.53
200 18.0278
300 23.7697
400 30.8707
500 34.7131
600 39.4081
700 44.6542
800 47.5079
900 51.4782
1000 53.7122
10 4
100 13
200 21.2132
300 25.02
400 33.0151
500 36.6742
600 37.6563
700 41
800 44.1475
900 49.2443
1000 55.9017
10 2.23607
100 16.2788
200 25.4951
300 31.241
400 35.5106
500 39.6611
600 41.1825
700 43.382
800 48.0937
900 50.4876
1000 53.1507
10 2.82843
100 12.1655
200 18.3848
300 22.4722
400 26.1725
500 32.5576
600 34.8281
700 37.3631
800 42.45
900 47.1275
1000 49.7293
10 3
100 12.7279
200 20.2485
300 28.0179
400 29.6816
500 33.6155
600 38.6264
700 41.4367
800 45.8803
900 47.8017
1000 50
10 3.60555
100 15.5563
200 21.2132
300 26.9258
400 34.4093
500 38.9487
600 43.566
700 48.0208
800 52.3546
900 52.7731
1000 54.5894
10 3
100 11.7047
200 23.3452
300 31.241
400 36.8782
500 43.1856
600 48.0208
700 50.774
800 56.3649
900 60.5392
1000 61.9112
10 4
100 16.2788
200 23.2594
300 30.3645
400 32.28
500 33.9411
600 36.4005
700 40.6079
800 42.5793
900 45.4533
1000 48.0937
10 2.23607
100 15.8114
200 22.3607
300 30.1496
400 36.0555
500 42.2966
600 47.1699
700 49.0408
800 52.0096
900 55.0091
1000 60.0333
