10 3
100 15
200 23.5372
300 28.6356
400 33.3766
500 36.3456
600 41.7612
700 44.643
800 46.5296
900 49.2443
1000 53.1507
10 3
100 13.3417
200 21.2132
300 23.3452
400 30.4631
500 34.176
600 37.4433
700 40.4599
800 44.2041
900 48.1041
1000 48.8365
10 4
100 15.2971
200 19.4165
300 25.1794
400 32.0156
500 36.3456
600 38.3275
700 40.7185
800 46.0109
900 48.0104
1000 50.01
10 4.12311
100 13.6015
200 20.5913
300 25.4951
400 30.0167
500 33.4215
600 37
700 39.6232
800 44.0454
900 48.8365
1000 50.4876
10 3.16228
100 11.1803
200 17.8885
300 23.0868
400 29.1204
500 36.8782
600 40.7922
700 42.45
800 47.8539
900 51.1957
1000 53.1601
10 3.16228
100 17.72
200 24.5967
300 30.5287
400 34.8281
500 38.6005
600 43.2782
700 47.5079
800 52.0096
900 54.037
1000 57.6281
10 4.12311
100 13.1529
200 20.6155
300 27.4591
400 30.5941
500 34.8855
600 38.0789
700 42.0119
800 45.31
900 47.5079
1000 49.6488
10 3.16228
100 13.0384
200 21.2132
300 28.2843
400 32.7567
500 34.7851
600 38.2099
700 41.4367
800 46.5296
900 49.4975
1000 51.788
10 4.12311
100 17.0294
200 21.2603
300 26.2488
400 30.5941
500 35.3553
600 37.3363
700 40.2492
800 43.4166
900 47.2969
1000 51.6236
10 3.16228
100 11.6619
200 21.3776
300 27.8927
400 32.5576
500 37.3631
600 40.4475
700 47.8539
800 51.0392
900 60.0333
1000 62.0322
10 2.82843
100 16.1245
200 24.3311
300 28.0713
400 33.8378
500 36.0555
600 37.6962
700 41
800 42.72
900 45.2769
1000 49.2443
10 2.23607
100 17
200 31.3847
300 35.4683
400 42.0119
500 45.793
600 51.3128
700 54.3783
800 59.6406
900 61.8547
1000 63.1269
10 2.23607
100 14.1421
200 23.8537
300 31.3847
400 34.5398
500 37.6431
600 40.7063
700 43.4166
800 48.5077
900 48.5077
1000 51.9711
10 3.16228
100 14.5602
200 20.5913
300 27.313
400 29.1548
500 32.7567
600 36.6742
700 40.3113
800 44.9444
900 47.0106
1000 50.3289
10 5.83095
100 15.6525
200 18.7883
300 24.2074
400 28.1603
500 30.1496
600 33.9559
700 38.6394
800 42.9535
900 47.2652
1000 49.2544
10 3
100 11.1803
200 17.4929
300 20.6155
400 24.2074
500 28.1603
600 33.4215
700 38.2099
800 41
900 44.0114
1000 47.0106
10 6.08276
100 16
200 24.0832
300 28.1603
400 30.6757
500 41.1096
600 48.1664
700 50.1597
800 53.2353
900 56.1427
1000 58.1378
10 3.60555
100 14.3178
200 20.5913
300 24.1868
400 29.2062
500 31.7805
600 36.4966
700 41.0366
800 44.8219
900 48.8262
1000 53.2541
10 3.16228
100 16.4924
200 22.8254
300 27.2029
400 31.6228
500 35.2278
600 38.3275
700 41.3401
800 43.4166
900 45.618
1000 48.8467
10 2.82843
100 12.6491
200 19.9249
300 31.4006
400 33.541
500 42.45
600 46.3249
700 48.5077
800 56.5155
900 58.6941
1000 61.1882
10 3
100 16.7631
200 22.1359
300 25
400 30.2655
500 36.3456
600 40.1123
700 44.0114
800 46.1736
900 49.163
1000 56.1427
10 3.16228
100 13.3417
200 20.2485
300 25.9615
400 34.3657
500 37.3363
600 42.2966
700 44.5533
800 49.0918
900 50.636
1000 55
10 4.24264
100 12.0416
200 20.3961
300 25.02
400 30.0167
500 33.0606
600 39.1152
700 43.1045
800 45.0999
900 48.0937
1000 51.0392
10 5.09902
100 14.0357
200 23.0868
300 25.0799
400 29.9666
500 35.4683
600 39.5601
700 42.9535
800 46.6154
900 47.2969
1000 51.6236
10 4.12311
100 15.6525
200 24.6982
300 27.2029
400 31.8277
500 36.0694
600 41.4367
700 45.5412
800 50
900 53.3667
1000 59.2284
10 3
100 14.3178
200 22.2036
300 26.9258
400 31.7805
500 34.3657
600 37.1214
700 40.4475
800 43.566
900 46.8722
1000 49.4975
10 4.12311
100 13.0384
200 17.4642
300 23.3452
400 28.8617
500 33.7343
600 38.4708
700 41.0122
800 43.0116
900 45.0111
1000 50.04
10 4
100 14.1421
200 21.095
300 27.0185
400 31.0644
500 33.3766
600 37.3363
700 42.19
800 44.2832
900 47.2652
1000 51.1566
10 3.16228
100 13.4164
200 17.8885
300 25.0799
400 29.7321
500 33.9706
600 40.8044
700 42.4382
800 47.1699
900 51.8652
1000 54.0833
10 3
100 12.3693
200 19.8494
300 26.4197
400 29.8329
500 32.7567
600 35.5106
700 41.2311
800 44.3847
900 48.5077
1000 51.788
10 2.23607
100 13.6015
200 18.6815
300 25.0799
400 29.0689
500 33.6155
600 35.6931
700 38.8973
800 41.0122
900 44.1022
1000 47.0956
10 3
100 11.7047
200 18
300 24.3311
400 31.7805
500 37.6431
600 40.6079
700 41.5933
800 43.566
900 51.3517
1000 60.531
10 4.12311
100 14.7648
200 27.313
300 31.3847
400 38.0789
500 43.3244
600 50.2892
700 53.4509
800 54.5894
900 57.2713
1000 59.5399
10 3.16228
100 13.1529
200 21.0238
300 27.074
400 30.0167
500 34.5398
600 36.7151
700 41.7732
800 46.6905
900 50.8035
1000 53.9351
10 4.12311
100 12.2066
200 20.025
300 29.1548
400 33.1361
500 42.107
600 53.1507
700 57.0789
800 63.1269
900 64.1249
1000 69.1809
10 4.47214
100 15
200 22.4722
300 26.6833
400 30.2324
500 33.0151
600 35.4683
700 38.833
800 40.025
900 41.3038
1000 43.566
10 3.16228
100 13.6015
200 17.72
300 23.4094
400 25.0599
500 28.7924
600 32.1403
700 36.2215
800 38.4708
900 40.4475
1000 43.2897
10 4.12311
100 13.3417
200 18.1108
300 25.7099
400 32.0156
500 36.2491
600 42.19
700 48.0208
800 51.8845
900 53.7122
1000 56.356
10 3.16228
100 14.5602
200 23.0868
300 27.8927
400 35.171
500 37.3631
600 41.1096
700 43.9659
800 50.448
900 52.1728
1000 54.4059
10 3.60555
100 12.3693
200 18.2483
300 27
400 33.3766
500 36.4966
600 38.833
700 42.7551
800 49.2443
900 53.7587
1000 55.5788
10 3.60555
100 13.3417
200 21.2132
300 29.0689
400 32.2025
500 34.8855
600 39.3954
700 42.45
800 47.8017
900 50.9608
1000 54.7814
10 5.38516
100 14.5602
200 21.4709
300 26.0768
400 29.5296
500 33.7343
600 37.2156
700 41.7732
800 43.909
900 48.3011
1000 52.8015
10 3.16228
100 14.2127
200 18.868
300 21.9545
400 27.4591
500 32.3883
600 37.2156
700 41.3038
800 50.04
900 54.0833
1000 58.0345
10 4.12311
100 13.6015
200 19.4165
300 28.4429
400 35.3553
500 40.4475
600 45.5412
700 50.636
800 54.4518
900 56.8859
1000 61.3922
10 4
100 11.4018
200 19.2354
300 25
400 29.1204
500 34.2053
600 38.3275
700 42.9535
800 48.0833
900 53.8516
1000 58.9406
10 2.82843
100 13.6015
200 22.3607
300 25.4951
400 34.2345
500 38.4708
600 42.19
700 45.2769
800 48
900 52.0096
1000 53.0094
10 3.16228
100 13.6015
200 21.0238
300 28.2843
400 31.7805
500 35.7351
600 42.0119
700 47.0106
800 52.0384
900 56.0089
1000 58.0086
10 4
100 13.1529
200 20.3961
300 26.6833
400 34.2053
500 38.6005
600 41.2311
700 43.0813
800 46.1736
900 49.0408
1000 51.2445
10 3
100 14.8661
200 27.2029
300 34.7131
400 38.6005
500 42.5441
600 45.1885
700 46.9574
800 49.6488
900 54.4518
1000 56.4358
10 3.16228
100 15.2315
200 20.1246
300 25.0799
400 30.4138
500 32.7567
600 38.0789
700 40.3113
800 45.6508
900 50.9902
1000 53.7122
