10 3.60555
100 16
200 20.6155
300 27.0185
400 33
500 37.0135
600 39.0512
700 41.5933
800 46.4004
900 49.8197
1000 51.614
10 3.16228
100 18.4391
200 27.074
300 32.2025
400 38.4838
500 42.1545
600 43.2666
700 48.1664
800 52.1536
900 60.1332
1000 61.131
10 2.23607
100 10.198
200 16.7631
300 22.8473
400 31.0644
500 38.0789
600 40.8044
700 46.6154
800 51.4782
900 54.4243
1000 56.3028
10 2.23607
100 16.2788
200 26.5707
300 31.6228
400 38.4838
500 43.6578
600 49.7293
700 52.2015
800 55.109
900 57.3149
1000 61.131
10 2.82843
100 13.4164
200 20.1246
300 26
400 30.6757
500 35.4683
600 38.4708
700 43.0116
800 47.5395
900 49.7293
1000 54.4885
10 2.23607
100 13
200 18.3576
300 22.8035
400 28
500 31.0161
600 33.0606
700 35.3836
800 41.8688
900 45.9674
1000 46.0977
10 2.82843
100 12.2066
200 22.8035
300 27.6586
400 35.3836
500 38.0132
600 44.4185
700 46.5296
800 49.6588
900 53.0754
1000 55.1725
10 5
100 13
200 18.0278
300 23.2594
400 26.9258
500 29.1548
600 31.0644
700 34.5398
800 40.7922
900 44.911
1000 47.2652
10 3.16228
100 12
200 20.025
300 25.5539
400 29.0689
500 32.8938
600 36.6879
700 42.0595
800 46.1736
900 50.2892
1000 52.6308
10 4.12311
100 16.1245
200 22.2036
300 29.0689
400 32.249
500 35.3553
600 39.4462
700 42.9418
800 44.9444
900 48.3735
1000 52.4786
10 3.16228
100 15.0333
200 23.1948
300 28.2843
400 32.5576
500 34.7131
600 37.4833
700 40.1123
800 43.0116
900 47.0425
1000 52.0865
10 3.60555
100 14.1421
200 21.587
300 30.5941
400 32.3883
500 34.5398
600 38.3275
700 39.8121
800 43.7379
900 46.1736
1000 48.8467
10 4
100 12.6491
200 20.2237
300 26.0768
400 30.4138
500 34.2345
600 40.1123
700 42.0119
800 46.5296
900 48.0521
1000 51.788
10 5
100 12.2066
200 18.9737
300 23.3452
400 30.0666
500 34.0147
600 40.1123
700 42.19
800 49.0408
900 50.0899
1000 52.2398
10 3.60555
100 13
200 20.6155
300 27.8568
400 31.3847
500 35.8469
600 43.6578
700 48.0833
800 52.6308
900 56.7539
1000 61.131
10 3.16228
100 13.0384
200 19.6977
300 25.6125
400 30.4138
500 31.8904
600 36.6197
700 41.3401
800 42.72
900 44.1022
1000 48.2597
10 5
100 15.6525
200 25.318
300 30.2655
400 33.541
500 36.6742
600 39.3192
700 44.2832
800 48.0937
900 54.1479
1000 58.0086
10 3.16228
100 12.3693
200 20.1246
300 25.5539
400 28.6007
500 34.2053
600 41.8808
700 44.6542
800 50.6063
900 53.2635
1000 58.0086
10 3.16228
100 13.3417
200 20.025
300 29.1548
400 35.1283
500 38.0789
600 44.911
700 53.3385
800 57.4282
900 61.2944
1000 69.2604
10 2.23607
100 13.1529
200 21.9317
300 27.0185
400 30.0666
500 37.1214
600 42.5793
700 43.7379
800 46.5296
900 48.0937
1000 52.1536
10 4.12311
100 15.0333
200 23
300 25.9615
400 29.6142
500 33.1361
600 36.4966
700 40.4475
800 42.5793
900 46.8722
1000 52.3927
10 3.16228
100 15.5242
200 19.6977
300 26.4008
400 34.0147
500 38.0526
600 42.45
700 45.7056
800 49.8197
900 53.6004
1000 59.5399
10 4.12311
100 13.4164
200 21.8403
300 27.5136
400 32.1403
500 37.3631
600 43.1045
700 46.2709
800 53.6004
900 62.8013
1000 65.6201
10 4
100 17.0294
200 21
300 28.8617
400 35.9026
500 39.0512
600 45.0111
700 47.0106
800 51.0098
900 53.0848
1000 56.0803
10 4.24264
100 17.1172
200 24.0208
300 32.0624
400 38.0132
500 44
600 53.0094
700 57.0088
800 65.0077
900 69.029
1000 73.0616
10 4.12311
100 12.0416
200 20.5183
300 25.7099
400 30.5941
500 34.7131
600 40.4475
700 42.9535
800 44.911
900 48.2597
1000 52.469
10 3
100 14.8661
200 24.1868
300 30.2324
400 36.3593
500 40.8044
600 43.2666
700 44.6542
800 45.4533
900 50
1000 54.3783
10 4
100 13.1529
200 20.8806
300 25.1794
400 31.5753
500 40.4475
600 47.8539
700 53.9351
800 56.7186
900 58.6941
1000 62.6498
10 5
100 14.7648
200 24.2074
300 28.4429
400 34.8281
500 35.805
600 40.1123
700 44.0454
800 48.1664
900 51.1566
1000 52.0865
10 4
100 17.2627
200 23.1948
300 27.2029
400 34.2053
500 38.9487
600 42.5206
700 49.5782
800 55.1725
900 58.258
1000 60.8112
10 3.16228
100 17.0294
200 24.2074
300 27.0185
400 31.0644
500 38.4708
600 42.19
700 43.2666
800 46.0435
900 47.3814
1000 50.2096
10 4.12311
100 12.6491
200 18.7883
300 24.7386
400 34.7131
500 39.0512
600 42.5793
700 47.5184
800 51.3517
900 56.3205
1000 58.8558
10 2.23607
100 19.0263
200 25.02
300 28
400 31.0161
500 34.9857
600 37.7359
700 41.6173
800 46.2277
900 48.4149
1000 51.4004
10 3.16228
100 10.198
200 18.9737
300 23.5372
400 33.541
500 36.6742
600 40.025
700 43.9318
800 47.8539
900 51.6624
1000 56.0446
10 4.12311
100 16.0312
200 23.0217
300 29.0172
400 34.1321
500 36.4966
600 41.2311
700 43.1741
800 44.643
900 50.6952
1000 52.8867
10 4.12311
100 11.4018
200 19.6469
300 25
400 28
500 32.311
600 36.4005
700 40.4969
800 43.4626
900 50
1000 51.2445
10 3.60555
100 12.8062
200 21.6333
300 29.6816
400 34.9285
500 37.2022
600 43.6005
700 44.6542
800 46.8722
900 51.3128
1000 54.7083
10 5
100 15
200 21.9545
300 27.8029
400 32.5269
500 37.0135
600 39.4081
700 46.0435
800 49.93
900 51.8652
1000 54.9181
10 3.16228
100 14.0357
200 20.3961
300 27.074
400 32.1403
500 34.1321
600 37.6431
700 38.833
800 41.4367
900 45.3982
1000 48.8467
10 3.16228
100 15.0333
200 21.0238
300 26.6833
400 31.9531
500 36.0555
600 41.1096
700 47.0956
800 50.01
900 56.0357
1000 59.2115
10 3.16228
100 16.7631
200 22.0907
300 27.0185
400 34.0147
500 38.0132
600 45.0444
700 48.0416
800 52.2398
900 54.037
1000 57.3149
10 4.12311
100 17
200 23.0217
300 29.5466
400 37.108
500 40.8044
600 46.8722
700 49.0306
800 52.2015
900 54.9181
1000 59.2284
10 3.16228
100 16.2788
200 23.0868
300 31.3847
400 37.5766
500 42.0595
600 45.1774
700 46.6476
800 51.6236
900 53.1507
1000 55.5788
10 4
100 15.0333
200 21.0238
300 29.0689
400 32
500 36
600 40.05
700 45.0444
800 47.1699
900 51.0098
1000 55.0364
10 3.60555
100 14.1421
200 21.9545
300 26.0768
400 33.121
500 38.0132
600 45.618
700 46.6154
800 51
900 54.2033
1000 56.4358
10 4.47214
100 12.8062
200 18.1108
300 27.074
400 35.2278
500 39.4588
600 44.2832
700 50.0899
800 54.0093
900 57
1000 60.0333
10 2.23607
100 13.3417
200 18.2483
300 24.0832
400 33.0151
500 40.05
600 42.107
700 44.1022
800 47.0425
900 49.0918
1000 51.1566
10 2.82843
100 13
200 22.8035
300 33.0151
400 38.0132
500 45.3982
600 49.0306
700 51.6624
800 52.1536
900 57.7235
1000 59.6657
10 3.60555
100 12.6491
200 21.9317
300 25.632
400 28.7924
500 32.573
600 36.2215
700 39.3192
800 41.2311
900 44.9444
1000 47.676
10 3.16228
100 11.6619
200 19.2354
300 26.8701
400 30
500 32.6497
600 40.3113
700 43.0465
800 45.4863
900 47.8539
1000 50.0899
