100 13.3417
200 20.025
300 23.0868
400 27.2947
500 32.5576
600 34.9285
700 39.2046
800 43.1045
900 45.5412
1000 49.4975
100 12.3693
200 19.2354
300 22.1359
400 30.0832
500 36.1386
600 38.6394
700 42.0595
800 46.0977
900 50.1199
1000 54.2033
100 15.1327
200 23.1948
300 26
400 30.4138
500 36.0555
600 38.0526
700 49
800 51.0098
900 54.0093
1000 55.0091
100 14.4222
200 23.0868
300 29.8329
400 31.6228
500 36.1248
600 37
700 41.1096
800 45.1774
900 50.2494
1000 51.2445
100 12.083
200 19.0263
300 24.0416
400 30.3645
500 32.0624
600 36.1248
700 41.2311
800 43.3244
900 45.2217
1000 52.0096
100 13.9284
200 20.1246
300 24.6982
400 28.2843
500 30.8058
600 34.3657
700 36.8782
800 40.6079
900 42.2019
1000 45
100 13.8924
200 21.4009
300 26.8701
400 31.1448
500 36.6742
600 41.5933
700 44.2945
800 50.5668
900 54.5894
1000 61.2699
100 15.0333
200 19.6977
300 25.9615
400 31.3209
500 37.3631
600 40.2616
700 44.2945
800 47.5079
900 51.8845
1000 55.4707
100 12.2066
200 18.3848
300 24.6982
400 28.1603
500 33.541
600 37.108
700 41.9762
800 45.7056
900 52.6118
1000 56.2228
100 14.0357
200 19.4165
300 23.0868
400 29.0689
500 31.6228
600 34
700 37.7359
800 41.7732
900 44.0454
1000 47.0106
100 13.9284
200 19.0263
300 25.0799
400 30.0666
500 36.0139
600 42.107
700 45.2769
800 48.2597
900 54.231
1000 56.3205
100 14.1421
200 22.0227
300 29.0689
400 32.3883
500 39.3192
600 41.1947
700 47.1699
800 50.1597
900 53.0094
1000 55.0091
100 19.4165
200 23.1948
300 26.0768
400 28.8444
500 35.2278
600 37.7359
700 41.6773
800 44.4072
900 46.8615
1000 51.6236
100 16.1245
200 23.7697
300 29.1548
400 40.7922
500 47.8539
600 50.9902
700 51.9711
800 54.231
900 57.2189
1000 58.0775
100 14.7648
200 27.6586
300 35.9026
400 41.7612
500 44.7214
600 50.636
700 52.6118
800 55.5788
900 58.5491
1000 60.407
100 12.53
200 20.2485
300 26.2488
400 32.249
500 38.0132
600 44.0454
700 48.0937
800 52.0865
900 55.0818
1000 59.0762
100 14.7648
200 18.3848
300 23.4307
400 26.5707
500 31.6228
600 34.2345
700 37.5366
800 41.4367
900 44.7214
1000 46.3249
100 13.3417
200 21.4009
300 26.2488
400 28.6007
500 32.249
600 37.3363
700 40.3113
800 42.4264
900 49.0918
1000 52.1536
100 12.0416
200 17.2627
300 23.0217
400 27.313
500 30.2655
600 33.6006
700 39.4081
800 40.6079
900 44.2041
1000 45
100 14.4222
200 18.0278
300 23.0868
400 30.0167
500 34.0588
600 37.3363
700 39.8121
800 41.5933
900 44.5533
1000 48.5077
100 13.3417
200 19.2354
300 22.3607
400 26.4764
500 32.28
600 36.2491
700 41.4367
800 44.4072
900 45.3982
1000 50.4876
100 14.5602
200 21.2132
300 30.1496
400 37.1214
500 42.0476
600 45.2769
700 50.01
800 52.345
900 54.037
1000 60.0083
100 15.2643
200 23.0868
300 28.6356
400 32.2025
500 36.6742
600 41.8808
700 46.8722
800 49.3964
900 52.8394
1000 54.2033
100 12.083
200 18.0278
300 26.0768
400 30.0832
500 38.0526
600 40.0125
700 43.4166
800 46.6905
900 50.6952
1000 56.5685
100 16.2788
200 20.8806
300 26.6833
400 31.1448
500 35.3553
600 38.3275
700 44.1814
800 48.5077
900 51.4782
1000 54.3323
100 14.7648
200 20.2485
300 24.1661
400 29.9666
500 34.5398
600 36.6879
700 37.1618
800 39.9249
900 42.72
1000 44.5982
100 13.4536
200 19.4165
300 24.0416
400 27.2029
500 31.3209
600 34.3657
700 37.4833
800 40.4475
900 43.7379
1000 45.8912
100 13.6015
200 20.025
300 24.1868
400 28.4429
500 33.5261
600 40.025
700 43.9318
800 45.1221
900 49.2443
1000 50.01
100 16.2788
200 20.2237
300 23.5372
400 28.4429
500 31.5753
600 35.3553
700 39.3192
800 43.2897
900 44.1814
1000 47.0425
100 11.7047
200 21.095
300 29
400 36.1248
500 39.0128
600 41.0488
700 46.1736
800 49.6488
900 52.7731
1000 57
100 12.6491
200 20.6155
300 26
400 34.0147
500 39.3954
600 42.19
700 46.6476
800 49.2443
900 51.4782
1000 56.6039
100 14.4222
200 23.1948
300 30.4138
400 38.833
500 42.9535
600 46.3249
700 50.2195
800 52.1728
900 54.8179
1000 59.3043
100 18.2483
200 27.4591
300 32.3883
400 36.1386
500 40.7922
600 44.7214
700 46.6905
800 53.3385
900 56.1427
1000 59.2115
100 12.53
200 18.3848
300 23.4307
400 30.0832
500 37
600 39.8121
700 43.382
800 46.0652
900 51.6236
1000 55.4707
100 14.3178
200 20.8087
300 24.4131
400 29.1204
500 32.7567
600 39.8497
700 43.9318
800 47.2969
900 53.6004
1000 53.6004
100 13.0384
200 17.8045
300 24.2074
400 29.8329
500 31.241
600 33.9559
700 37.2156
800 42.107
900 46.2709
1000 53.0377
100 13.6015
200 19.6469
300 25.7099
400 30.5941
500 34.9285
600 36.8782
700 42.7551
800 44.7214
900 48.2597
1000 53.2353
100 18.2483
200 23.0868
300 29.1548
400 31.0644
500 34.0588
600 38.1838
700 41.7732
800 46.0109
900 48.8365
1000 52.0096
100 11.3137
200 19.4165
300 24.2074
400 28.178
500 31.7805
600 35.0571
700 38.0132
800 40.0125
900 45.0111
1000 52
100 19.3132
200 25.2389
300 32.311
400 36.0555
500 41.6293
600 44.3847
700 46.5296
800 50.3587
900 52.2398
1000 54.3323
100 14.8661
200 20.5913
300 25.5539
400 28.1603
500 31.9061
600 35.0143
700 38.6005
800 42.19
900 44.9444
1000 47.1699
100 13.1529
200 22.2036
300 32.0624
400 33.0606
500 37.6563
600 43.4166
700 47.3814
800 50.636
900 54.1295
1000 60.8276
100 13.0384
200 19.6469
300 29.4109
400 33.5261
500 37.108
600 40.8044
700 44.5533
800 49.366
900 53.4603
1000 59.0339
100 14.1421
200 20.025
300 26.9258
400 32.28
500 37.855
600 40.025
700 40.3113
800 41.2311
900 46.1736
1000 47.2652
100 10.2956
200 18.6011
300 26.0768
400 30.0666
500 34.3657
600 40.3113
700 41.7732
800 44.0454
900 48.0937
1000 50.1597
100 13.1529
200 18.2483
300 22.2036
400 26
500 31.1448
600 33.541
700 36.3456
800 40.6079
900 44.2832
1000 46.6905
100 12.8062
200 18.6011
300 25
400 33.8378
500 35.4683
600 40.8534
700 47.1699
800 52.2015
900 55.3624
1000 55.9732
100 13.9284
200 19.105
300 23.2594
400 27.313
500 34
600 39.0128
700 43
800 45.0111
900 49.0918
1000 51.0392
100 13.8924
200 19.6977
300 25
400 31.0483
500 38.6394
600 41.5933
700 41.7612
800 44.7214
900 47.0106
1000 49.0102
100 16.5529
200 23.3238
300 31.4006
400 35.5106
500 38.833
600 43.7379
700 48.0521
800 48.8365
900 51.6236
1000 56.1427
100 13.8924
200 22.0227
300 28.0179
400 33.3766
500 39.1152
600 46.2709
700 47.676
800 51.1957
900 54.3415
1000 56.7979
100 13.0384
200 21.0238
300 25
400 28.4605
500 30.3645
600 33.7343
700 37.4833
800 41.5933
900 48.0937
1000 53.0848
100 14.3178
200 20.2237
300 27.6586
400 33.7343
500 40.5216
600 45.3542
700 49.8197
800 56.0892
900 60.4152
1000 63.9531
100 15.1327
200 21.587
300 29.0689
400 39.0128
500 42.0119
600 45.1774
700 47.0425
800 50.8035
900 54.1295
1000 56.2939
100 13.1529
200 21.095
300 25.318
400 30.8869
500 36.6742
600 40.7063
700 42.4853
800 43.909
900 45.1774
1000 48.7647
100 17
200 26.0768
300 28.0713
400 30.1496
500 34.1321
600 37.1214
700 41.4367
800 44.2832
900 47.3814
1000 51.3517
100 12.6491
200 18.0278
300 24.0832
400 30.0832
500 34.4093
600 40
700 43.0116
800 46.3249
900 48.6004
1000 53.6004
100 11.4018
200 18.1108
300 24.3516
400 28.6356
500 31.7805
600 33.8378
700 36.6197
800 38.833
900 40.8044
1000 43.566
100 14.4222
200 21.4009
300 25.02
400 29.0689
500 33.2866
600 38.4708
700 41.1825
800 42.19
900 48.1041
1000 52.345
100 17.72
200 24.7386
300 28.6356
400 32.7567
500 40.3113
600 44.0454
700 47.0956
800 51.0882
900 53.1507
1000 56.4358
100 16.0312
200 24.1868
300 29.4109
400 34.7851
500 38.2753
600 42.0476
700 43.7379
800 49.1935
900 51.4296
1000 55.0091
100 16.7631
200 24.1661
300 31.4006
400 34.4819
500 37
600 38.0789
700 42.0119
800 48.0521
900 51.2445
1000 54.231
100 17.8885
200 23.1948
300 31.1448
400 37.3363
500 40.3113
600 43.6807
700 48.2701
800 53.6004
900 54.5711
1000 57.4891
100 16.1555
200 26.3059
300 32
400 38.0132
500 45.1774
600 51.788
700 58.6941
800 63.6396
900 65.5134
1000 67.6831
100 13.0384
200 20.6155
300 25
400 31.1448
500 35.3836
600 41.2311
700 44.2832
800 45.3982
900 50.4876
1000 53.1507
100 16.2788
200 19.2354
300 27.1662
400 32.1403
500 38.1182
600 44.0454
700 48.2597
800 49.4975
900 52.469
1000 55.7315
100 15.2971
200 19.2354
300 26.0192
400 32.0156
500 34.2053
600 42.107
700 46.1736
800 46.5296
900 48.5077
1000 50.4876
100 13.6015
200 22.1359
300 29.1204
400 35.6931
500 39.4588
600 43.566
700 47.3814
800 50.4876
900 52.345
1000 58.0345
100 16.4924
200 23.5372
300 28.2312
400 31.7648
500 35.3412
600 38.6264
700 41.4367
800 44.1814
900 45.8803
1000 52.0865
100 15
200 19.6977
300 28.6356
400 32.6497
500 35.3553
600 39.1152
700 43.4166
800 45.2769
900 47.0956
1000 49.366
100 14.8661
200 25.0799
300 31.7805
400 34.0147
500 41.7852
600 45.8803
700 47.1699
800 52.2015
900 55.7136
1000 60.6383
100 17.1172
200 26
300 29.6142
400 34.2345
500 39.3192
600 45
700 49.0102
800 50.04
900 53.0848
1000 57.0789
100 17.0294
200 23.5372
300 31.0161
400 33
500 36
600 39.0128
700 42.2019
800 50
900 52.4023
1000 55.2268
100 16.4924
200 21.8403
300 28.0179
400 31.305
500 34.9857
600 40.3113
700 42.0595
800 44.4185
900 47.7598
1000 48.3839
100 13.8924
200 19.2354
300 22.4722
400 27.8029
500 30.8058
600 32.2025
700 37.1214
800 40.1123
900 43.1856
1000 48.0104
100 14.5602
200 23.4094
300 31.3847
400 36.0555
500 38.6005
600 40.8044
700 43.6807
800 47.1275
900 47.1275
1000 51.2445
100 11.7047
200 16.1245
300 21.0238
400 25.318
500 30.0832
600 33.9559
700 38.0132
800 41.1096
900 44.0114
1000 46.0977
100 13.3417
200 20.2237
300 30.0167
400 35.1283
500 43.2897
600 45.7056
700 50.8035
800 55.9017
900 60.208
1000 61.6117
100 14.5602
200 22.3607
300 29.4279
400 32.0156
500 40.025
600 45.3542
700 52.3927
800 55.3173
900 57.9741
1000 61.131
100 10
200 18.4391
300 24.0832
400 30
500 33.2866
600 40.2492
700 44.3847
800 48.7032
900 49.6488
1000 53.1413
100 14.2127
200 22.8035
300 30.6757
400 33.8378
500 38.2753
600 42.45
700 47.1275
800 52.8867
900 55.7853
1000 57.7754
100 15.6525
200 22.8473
300 29.1204
400 32.311
500 35.1141
600 38.2753
700 42.7551
800 46.3897
900 48.3735
1000 52.469
100 15.2971
200 18.9737
300 25.0799
400 31.0161
500 33.3017
600 41.7732
700 46.6905
800 47.4236
900 50.3289
1000 52.345
100 15
200 22.0227
300 27.0185
400 32.28
500 37.5766
600 41.2311
700 43.4166
800 46.5296
900 50.3587
1000 53.3385
100 14.8661
200 24.2074
300 31.3847
400 35.7351
500 42.45
600 47.2969
700 51.923
800 56.2939
900 59.2284
1000 63.1506
100 11.0454
200 23.0868
300 30.5941
400 33.7343
500 37.3631
600 39.2938
700 43.1741
800 44.3847
900 46.0977
1000 48.3839
100 14.8661
200 22.3607
300 29.6816
400 35.2278
500 37.5366
600 44.1475
700 47.0744
800 47.3814
900 52.9528
1000 57.0701
100 13.0384
200 22.3607
300 27.2947
400 31.5753
500 35.1283
600 38.0132
700 46.0109
800 52.0384
900 55.0818
1000 59.5399
100 12.0416
200 17.4929
300 25.2982
400 30.0832
500 34.2053
600 38.833
700 42.45
800 44.9222
900 49.3356
1000 54.8179
100 14.1421
200 19.105
300 24.3311
400 29.2746
500 33.2415
600 37.3363
700 40.1995
800 44.1022
900 48.3735
1000 49.4975
100 15.8114
200 22.8254
300 28.2312
400 34.5398
500 38.8973
600 44.3847
700 48.2701
800 49.7293
900 53.3385
1000 57.2189
100 13.0384
200 19.2354
300 23.0217
400 28.1603
500 31.6228
600 35.1141
700 39.5601
800 43.6578
900 47.1275
1000 49.6488
100 11.4018
200 21.4009
300 30.0832
400 32.6956
500 35.7351
600 42.45
700 46.8402
800 49.3356
900 54.037
1000 57.2189
100 14.3178
200 21.587
300 28.4429
400 36.6742
500 42.5793
600 46.6905
700 49.7293
800 52.8867
900 57.28
1000 61.0328
100 13.4164
200 24.5153
300 28.0179
400 32.0156
500 34.0147
600 35.2278
700 41.1096
800 44.0114
900 46.0435
1000 50.01
100 16.5529
200 22.6716
300 28.2843
400 32.5576
500 38.2884
600 41.2311
700 47.1699
800 51.3128
900 54.4059
1000 58.6003
100 13.1529
200 24.1868
300 29.1548
400 35.3553
500 37.2156
600 39.5601
700 41.4849
800 45.8803
900 48.4149
1000 50.9902
100 13.0384
200 21.2603
300 28.3196
400 31.7805
500 36.4005
600 40.5216
700 43.4166
800 46.3249
900 51.923
1000 57.0088
100 15.5242
200 23.2594
300 34.5398
400 37.6962
500 41.2311
600 43.0813
700 46.2385
800 51.264
900 51.6236
1000 57
100 15.2643
200 17.0294
300 21.2603
400 27.6586
500 32.1403
600 35.1283
700 38.1182
800 41.0488
900 45.6946
1000 48.7545
