100 13.6015
200 21.0238
300 26.0192
400 29.2746
500 36.2215
600 39.0512
700 43.0465
800 46.0435
900 50.04
1000 54.0833
1100 57.3149
1200 60.0167
1300 61.8142
1400 65.9242
1500 68.884
1600 70.7107
1700 71.8471
1800 72.8354
1900 75.3127
2000 77.2787
100 13.0384
200 20.3961
300 24.3311
400 31.5753
500 33.2415
600 36.6742
700 37.6563
800 40.4969
900 44.9222
1000 44.9444
1100 49.2443
1200 52.1728
1300 54.1295
1400 55.3173
1500 58.2495
1600 60.4152
1700 64.4981
1800 66.7533
1900 68.884
2000 72.3395
100 12.6491
200 19.2354
300 24.3311
400 27.2947
500 30.0167
600 35.0143
700 41.0122
800 44
900 49.163
1000 53.0377
1100 55.0818
1200 59.1354
1300 66.0681
1400 70.0643
1500 72.2496
1600 77.0065
1700 78.0064
1800 81.0062
1900 82.0244
2000 83.0963
100 13.0384
200 21.587
300 27.7308
400 33.5261
500 36.6742
600 40.7063
700 43.3244
800 46.8188
900 49.3356
1000 52.9245
1100 56.0803
1200 58.3095
1300 60.9016
1400 63.6946
1500 67.624
1600 69.5845
1700 70.5762
1800 74.3236
1900 75.3923
2000 79.7057
100 13.6015
200 21.9317
300 26.6271
400 31.1127
500 37.5366
600 39.0512
700 42.4382
800 44.9444
900 49.2544
1000 53.3385
1100 55.5698
1200 56.9386
1300 60.8276
1400 64.0312
1500 66.0076
1600 68.0074
1700 70.1783
1800 75.0067
1900 77.026
2000 83
100 14.8661
200 20.6155
300 25.2982
400 30.8058
500 36.4005
600 40.2616
700 43.4166
800 47.1275
900 49.0408
1000 50.4876
1100 58.2495
1200 59.8415
1300 63.0635
1400 65
1500 67.1863
1600 69.9214
1700 72.2357
1800 75.0267
1900 80.0562
2000 80.9938
100 16.5529
200 28.0713
300 35.2278
400 43.2897
500 47.1699
600 51.2445
700 53.3385
800 58.3095
900 60.8276
1000 61.8142
1100 62.6418
1200 65.2534
1300 66.9403
1400 67.9117
1500 70.0071
1600 72.0069
1700 72.4224
1800 74.0405
1900 75.505
2000 75.505
100 14.3178
200 19.6977
300 26.4764
400 31.0644
500 35.0571
600 42.19
700 44.4072
800 50.01
900 54.5894
1000 59.5399
1100 63.0317
1200 68.0074
1300 75.0267
1400 80.025
1500 83.006
1600 85.0059
1700 87.0057
1800 88.0227
1900 92.0054
2000 94.0053
100 13.6015
200 22.2036
300 29.6142
400 36.6742
500 41.4367
600 44.2832
700 49.163
800 51.0882
900 51.2445
1000 56
1100 57.0088
1200 60.075
1300 62.2013
1400 64.2806
1500 67.1863
1600 73.0616
1700 75.1665
1800 76.1643
1900 78.1601
2000 80.2247
100 14.1421
200 21.095
300 24.1868
400 28.0179
500 31.0161
600 33.3017
700 38.0789
800 43.1741
900 46.0977
1000 52.3927
1100 55.9017
1200 59.0339
1300 61.9839
1400 63.9531
1500 65.307
1600 66.9104
1700 70.214
1800 72.6911
1900 74.5453
2000 76.531
100 15.0333
200 21.095
300 25.0799
400 33.2415
500 36.4966
600 40.4475
700 43.9318
800 45.3542
900 47.0744
1000 51.9711
1100 56.5685
1200 58.3095
1300 63.2851
1400 65.3758
1500 66.3702
1600 66.3702
1700 68.0074
1800 71.3442
1900 74.2428
2000 78.1601
100 12.7279
200 22.2036
300 26.1725
400 36.0139
500 41.1096
600 43.2897
700 45.1774
800 46.5725
900 51.6624
1000 53.8516
1100 56.0446
1200 58.3095
1300 62.8013
1400 64.3273
1500 67.0298
1600 69.2315
1700 71.5891
1800 73.0068
1900 74.4648
2000 76.4003
100 14.3178
200 19.6977
300 23.1948
400 30.1496
500 34.1321
600 38.3275
700 46.5296
800 53.6004
900 57.8705
1000 63.1506
1100 65.1153
1200 66.4906
1300 70.6116
1400 73.7564
1500 77.666
1600 80.604
1700 85.703
1800 86.122
1900 90.2441
2000 91.6788
100 14.1421
200 19.4165
300 23.2594
400 27.313
500 33.3766
600 40.4475
700 42.9535
800 45.3542
900 49.0306
1000 54.9181
1100 56.8859
1200 60.0167
1300 61.9839
1400 64.9384
1500 69.8713
1600 70.0357
1700 73.8241
1800 75.9539
1900 76.9415
2000 78.0897
100 12.2066
200 16
300 22.0227
400 25.4951
500 30.1496
600 33.1361
700 38.0789
800 41.2311
900 45.2217
1000 46.6154
1100 51.1957
1200 54.3415
1300 55.5428
1400 59.0339
1500 62.1691
1600 66.2873
1700 68.884
1800 71.0634
1900 75.505
2000 77.4661
100 14.1421
200 21.2132
300 25.7099
400 32.3883
500 36.0555
600 42.107
700 44.2832
800 46.2709
900 47.3814
1000 53.1507
1100 54.1295
1200 55.109
1300 58.1893
1400 59.8415
1500 61.0328
1600 63.3246
1700 64.6607
1800 68.469
1900 73.0274
2000 76.0263
100 10.7703
200 18.9737
300 25.02
400 33.0151
500 40.0125
600 42.2966
700 46.3897
800 50.3587
900 51.1957
1000 55.2268
1100 57.1402
1200 62.1289
1300 67.0671
1400 71.0634
1500 75.0267
1600 81.0987
1700 82.0975
1800 86.0058
1900 87.0919
2000 89.0898
100 16
200 19.2354
300 24.3311
400 30.2655
500 36.3456
600 41.3038
700 46.1736
800 53.2353
900 55.0091
1000 61.5224
1100 65.4905
1200 72.3395
1300 74.2428
1400 78.4092
1500 81.8841
1600 86.1452
1700 88.1419
1800 96.1873
1900 100.08
2000 102.24
100 17.4642
200 23.2594
300 29.1548
400 35.7771
500 40.2492
600 42.0476
700 49.7695
800 52
900 56.648
1000 57.0088
1100 62.0322
1200 63.6946
1300 65.7875
1400 67.0671
1500 68.9493
1600 71.1688
1700 71.7844
1800 73.0821
1900 74.0405
2000 75.4718
100 15
200 19.4165
300 28.1603
400 32.28
500 35.6931
600 39.3192
700 41.3038
800 44.3847
900 51.4198
1000 54.5711
1100 57.9741
1200 60.6383
1300 62.8172
1400 64.5368
1500 65.5134
1600 72.3671
1700 74.3303
1800 77.9295
1900 78.6384
2000 82.7345
100 15
200 21.4009
300 25.6125
400 29.4279
500 33.541
600 36.6742
700 41.5933
800 46.5296
900 47.676
1000 49.6488
1100 52.0384
1200 54
1300 55.0364
1400 58.1378
1500 62.1289
1600 65.0077
1700 68.0661
1800 69.0507
1900 73.1642
2000 78.0897
100 13
200 19.0263
300 26.6833
400 31.7805
500 33.7343
600 35.5106
700 39.2046
800 46.1736
900 48.0104
1000 48.0937
1100 50.1597
1200 52.469
1300 54.4518
1400 56.3205
1500 57.9741
1600 60.8769
1700 63.5295
1800 67.082
1900 69.7782
2000 71.1126
100 11.1803
200 18.868
300 23.0868
400 26.4197
500 29.1204
600 35.171
700 41.4849
800 45.8912
900 50
1000 51.923
1100 55.109
1200 56.3649
1300 58.1378
1400 61.327
1500 62.6498
1600 65.9242
1700 68.0294
1800 68.0294
1900 71.1758
2000 73.1642
100 15
200 21.095
300 25
400 31.0161
500 36.6197
600 44.6542
700 49.0918
800 51.614
900 53.9073
1000 55.3173
1100 56.5862
1200 58.7963
1300 60.3075
1400 63.1269
1500 65.8559
1600 67.2681
1700 71.1688
1800 77.4919
1900 78.4474
2000 78.4474
100 13.3417
200 20.3961
300 28.4429
400 35.171
500 41.1947
600 45.0999
700 48.0104
800 51.788
900 52.9528
1000 54.037
1100 56.0357
1200 58.6941
1300 62.8172
1400 64.0312
1500 67.9117
1600 70.8308
1700 73.2462
1800 75.4321
1900 77.3692
2000 80.2808
100 12
200 18.9737
300 23.7697
400 32.6956
500 36.0555
600 42.4264
700 47.3814
800 53.3385
900 54.3323
1000 57.3149
1100 60.2993
1200 61.2944
1300 65.0692
1400 68.0661
1500 68.0661
1600 70.1783
1700 75.06
1800 76.1052
1900 79.1012
2000 81.1542
100 14.5602
200 19.7231
300 25
400 28.3196
500 31.8904
600 34.6554
700 37.1214
800 41.1096
900 44.0454
1000 46.7547
1100 48.4149
1200 51.8556
1300 54.6443
1400 56.3028
1500 57.9828
1600 59.0762
1700 62.6817
1800 63.8201
1900 66.6108
2000 69.8928
100 13.9284
200 21.9545
300 29.1548
400 32.573
500 37.3631
600 41.7732
700 44.9444
800 47.4131
900 49.2443
1000 56.7979
1100 61.7414
1200 63.561
1300 68.884
1400 72.0069
1500 77.4145
1600 78.7718
1700 80.5295
1800 82.2982
1900 85.8662
2000 87.6584
100 13.4164
200 19.4165
300 26.1725
400 30.0666
500 33.9559
600 38.0526
700 40.6079
800 44.3847
900 47.1275
1000 51.923
1100 58.8218
1200 60.7289
1300 62.6418
1400 67.72
1500 69.9214
1600 74.7262
1700 75.6902
1800 77.1298
1900 79.6241
2000 83.2406
100 13.6015
200 20.0998
300 24.5153
400 31.4006
500 37.2156
600 42
700 47.0106
800 51.0882
900 52.0384
1000 57.3149
1100 61.131
1200 63.0714
1300 65.192
1400 67.1863
1500 70.2567
1600 72.111
1700 77.1038
1800 81.0987
1900 82.0549
2000 86.2844
100 10.8167
200 18.2483
300 22.8254
400 28.0713
500 34.5254
600 39.6232
700 41.9762
800 45.8803
900 48.5077
1000 53.8516
1100 57.28
1200 57.9741
1300 63.0635
1400 66.1891
1500 68.4251
1600 70.6612
1700 71.5891
1800 77.026
1900 77.5242
2000 78.8923
100 12.083
200 19.6977
300 22.8035
400 25.632
500 29.8329
600 33.9559
700 40.5216
800 43.9659
900 46.8402
1000 50.6952
1100 54.231
1200 58.6941
1300 63.3482
1400 64.0312
1500 65
1600 66.2873
1700 68.884
1800 71.0211
1900 73.5527
2000 76.531
100 14.1421
200 21.0238
300 28.0713
400 30.0666
500 35.0143
600 39.0512
700 44.0114
800 46.0109
900 47.0425
1000 49.93
1100 52.4786
1200 54.231
1300 56.4358
1400 58.3095
1500 59.6657
1600 61.4003
1700 64.4981
1800 67.7422
1900 69.3542
2000 71.2531
100 15.2643
200 20.5913
300 25.632
400 28.7924
500 34.0147
600 39.4588
700 42.5793
800 45.1221
900 50.2195
1000 51.1957
1100 53.9351
1200 56.0892
1300 58.2495
1400 59.6657
1500 63.6003
1600 65.7875
1700 68.6222
1800 71.7844
1900 73.6817
2000 76.5376
100 16.6433
200 23.6008
300 29.6816
400 33.121
500 37.9473
600 39.8246
700 42.72
800 45.31
900 47.5395
1000 52.2015
1100 54.4243
1200 55.5428
1300 57.5847
1400 61.0983
1500 64.0781
1600 68.6222
1700 70.2282
1800 74
1900 77.4919
2000 79.3788
100 13.0384
200 21.4709
300 27.7308
400 32.573
500 40.4969
600 44.2832
700 46.5296
800 48.8774
900 52.4786
1000 53.8238
1100 58.4123
1200 59.6657
1300 63.8905
1400 67.0075
1500 69.527
1600 71.0634
1700 73.2462
1800 76.0592
1900 76.6942
2000 78.492
100 15.2643
200 23.0217
300 27.5862
400 30.0666
500 35.1283
600 40.1995
700 45.2769
800 50.9902
900 52.9528
1000 55.5428
1100 57.7235
1200 64.2806
1300 68.2642
1400 70.7107
1500 71.1758
1600 73.171
1700 74.9667
1800 78.6384
1900 78.9177
2000 80.0625
100 13.1529
200 18.6815
300 24.0416
400 29.1204
500 33.2415
600 35.3553
700 38.1182
800 41.0488
900 44.2832
1000 48.2597
1100 50.3587
1200 52.2398
1300 54.231
1400 57.3847
1500 61.1882
1600 62.6259
1700 64.3273
1800 66.2873
1900 72.0069
2000 72.9932
100 14.8661
200 19.6469
300 26.4764
400 29.6142
500 33.5261
600 36.7696
700 38.833
800 43.0813
900 44.7772
1000 50.6952
1100 52.8867
1200 59.6657
1300 62.0967
1400 67.1863
1500 71.8401
1600 76.922
1700 79.1202
1800 82.5651
1900 85.1645
2000 88.7694
100 13.0384
200 22.2036
300 27.8927
400 30.0832
500 34.7131
600 39.5601
700 43.4626
800 45.6946
900 48.8467
1000 53.1507
1100 54.7449
1200 56.8859
1300 59.6825
1400 61.4003
1500 62.3939
1600 64.622
1700 67.5426
1800 70.2638
1900 72.45
2000 74.2496
100 13.3417
200 23.1948
300 25.0799
400 29.0689
500 37.6962
600 42.9535
700 45.8803
800 48.7032
900 52.4976
1000 55.3624
1100 60.1664
1200 63.561
1300 64.3273
1400 68.4471
1500 71.8053
1600 73.0068
1700 75.6902
1800 78.848
1900 80.7775
2000 81.7435
100 16.7631
200 21.6333
300 25.0799
400 30.4795
500 34.0588
600 39.6611
700 43.0465
800 43.566
900 45.4863
1000 51.9711
1100 56.7186
1200 60.4152
1300 64.5368
1400 67.2681
1500 69.0507
1600 72.8011
1700 75.9605
1800 76.896
1900 82.5409
2000 84.119
100 13.6015
200 19.4165
300 26.0768
400 31.5753
500 34.2345
600 41.0488
700 43.0116
800 49.163
900 54.231
1000 57.1402
1100 61.131
1200 64.0078
1300 65.1153
1400 67.0671
1500 71.1126
1600 72.111
1700 74.8131
1800 75.9539
1900 81.2158
2000 85.1587
100 12.6491
200 21.095
300 27.2947
400 32.573
500 42.0595
600 44.9222
700 46.4866
800 49.98
900 53.8516
1000 59.1692
1100 59.6406
1200 63.2456
1300 64.405
1400 67.624
1500 70.5762
1600 74.2024
1700 76.8375
1800 80.604
1900 83.006
2000 83.8153
100 17
200 23.6008
300 30
400 35.805
500 39.2046
600 42.5206
700 44.0454
800 45.607
900 47.3814
1000 50.2096
1100 52
1200 54.626
1300 56.8595
1400 60.5392
1500 62.9682
1600 64.4438
1700 67.9412
1800 70.8308
1900 73.9797
2000 74.9533
100 17.1172
200 24.0832
300 30.5941
400 35.4401
500 43.0116
600 48.0833
700 50.9608
800 53.8516
900 57.28
1000 58.9406
1100 62.3618
1200 64.2884
1300 69.1231
1400 71.0634
1500 74.7329
1600 78.339
1700 79.3095
1800 80.2808
1900 81.0555
2000 81.8352
100 13.4164
200 20.1246
300 25.9615
400 33.2415
500 37.1618
600 39.9249
700 44.2945
800 47.5079
900 49.93
1000 53.8516
1100 57.4543
1200 57.9828
1300 59.0762
1400 62.2013
1500 64.6607
1600 68.6804
1700 71.4213
1800 73.5935
1900 74.9667
2000 79.9312
100 14.0357
200 21.095
300 26.9258
400 32.573
500 34.9285
600 40.4475
700 43.4166
800 49.4773
900 53.9351
1000 56.5685
1100 59.6825
1200 61.4003
1300 64.3817
1400 65.3758
1500 68.2642
1600 71.2531
1700 74.3303
1800 77.2334
1900 81.2219
2000 83.1505
100 12.0416
200 18.4391
300 26.0768
400 32.0624
500 39.1152
600 46.0435
700 49.0918
800 55.1453
900 60.208
1000 62.2013
1100 66.0076
1200 69.4622
1300 72.1734
1400 76.4199
1500 79.404
1600 81.1542
1700 83.1505
1800 87.4757
1900 90.6091
2000 92.228
100 12.8062
200 19.2354
300 25.4951
400 29
500 34.7131
600 38.833
700 41.1825
800 47.5395
900 50.9608
1000 51.923
1100 55.7853
1200 57.7235
1300 62.0967
1400 64.5136
1500 67.4166
1600 68.352
1700 72.111
1800 72.111
1900 74
2000 77.1622
100 15.0333
200 23.5372
300 30.3645
400 34.9285
500 40.7922
600 44.911
700 50.8035
800 54.9181
900 59.4138
1000 63.6396
1100 66.4831
1200 68.0661
1300 70.859
1400 74.8131
1500 76.7919
1600 77.7817
1700 77.9295
1800 80.7527
1900 82.8734
2000 84.7172
100 18.0278
200 23.7697
300 30.8058
400 39.5601
500 43.6578
600 44.7772
700 49.7293
800 51.9711
900 54.5711
1000 57.5587
1100 61.4003
1200 62.514
1300 64.4981
1400 69.0652
1500 75.06
1600 77.1038
1700 81.0555
1800 84.0238
1900 87.0517
2000 88.1419
100 14.3178
200 22.0227
300 27.4591
400 32
500 36.0555
600 42.3792
700 46.8188
800 50.3289
900 51.264
1000 52.5547
1100 58.1378
1200 61.0737
1300 62.3939
1400 65.4905
1500 66.6108
1600 69.5845
1700 71.8471
1800 75.6637
1900 77.1038
2000 78.2624
100 15.8114
200 23.7697
300 29.5296
400 34.7851
500 36.4005
600 40.2492
700 43.8634
800 48.1041
900 50.9215
1000 53.7587
1100 58.5235
1200 60.4401
1300 63.5689
1400 65.5515
1500 68.942
1600 73.5391
1700 77.0779
1800 78
1900 79.8499
2000 83.006
100 13.1529
200 19.105
300 27.0185
400 30.3645
500 38.0526
600 41.1947
700 45.0999
800 46.5296
900 48.0937
1000 53.6004
1100 56.0803
1200 60.0333
1300 61.0328
1400 64.56
1500 66.4831
1600 68.0074
1700 70.9366
1800 73.0068
1900 75.505
2000 77.666
100 12.3693
200 21.9545
300 27.4591
400 31.3847
500 34.8281
600 39.598
700 44.0454
800 47.8539
900 55.4437
1000 57.4282
1100 58.5491
1200 60.531
1300 62.3939
1400 64.2028
1500 68.4105
1600 74.0608
1700 74.6324
1800 79.0569
1900 79.0569
2000 82.0975
100 12.0416
200 23.3452
300 26.9072
400 31.0644
500 36.8917
600 40.3113
700 41.6773
800 46.4866
900 49.0408
1000 50.9608
1100 56.5155
1200 60.6383
1300 63.3482
1400 65.7343
1500 66.9403
1600 73.0068
1700 78.6448
1800 82
1900 82
2000 87.0976
100 13.1529
200 21.587
300 25.4951
400 30.8058
500 35.6931
600 39.0512
700 42.5793
800 45.2769
900 46.2709
1000 49.4773
1100 53.9351
1200 54.1295
1300 56.7186
1400 58.8558
1500 61.2046
1600 64.3817
1700 68.3593
1800 71.2531
1900 72.2496
2000 73.2462
100 15.1327
200 23.1948
300 25.1794
400 31.0644
500 34.0588
600 39.0128
700 46.0109
800 52.0384
900 59.0339
1000 63.0079
1100 68.0294
1200 72.0278
1300 74.027
1400 78.0577
1500 83.0963
1600 86.4696
1700 91.444
1800 93.771
1900 95.0368
2000 95.2575
100 14.5602
200 19.8494
300 27.1662
400 32.7567
500 36.1386
600 41.7732
700 44.7214
800 50.5964
900 50.9215
1000 54.1202
1100 56.6127
1200 57.5674
1300 60.1664
1400 65.521
1500 66.4831
1600 71.5681
1700 71.5681
1800 73.4983
1900 76.2168
2000 79.0569
100 14.5602
200 20.2485
300 25.318
400 33.3766
500 39.1152
600 46.0977
700 49.0918
800 50.01
900 50.01
1000 51.4198
1100 53.6004
1200 59.6657
1300 62.3699
1400 65.1153
1500 67.6831
1600 69.7209
1700 71.0634
1800 72.5672
1900 75.505
2000 78.2624
100 17.4929
200 24.6982
300 29
400 37
500 44
600 47.0956
700 53.2353
800 57.5587
900 62.6498
1000 66.4831
1100 68.469
1200 69.4262
1300 73.3348
1400 77.3175
1500 81.2219
1600 85.5862
1700 85.5862
1800 86.7006
1900 89.56
2000 91.5478
100 13.4536
200 24.6982
300 31.7648
400 36.6197
500 40.2244
600 44.4072
700 49.0408
800 52.4023
900 55.2268
1000 58.8982
1100 60.959
1200 63.8905
1300 66.4003
1400 70.4557
1500 72.9452
1600 75.9276
1700 80.6226
1800 81.3204
1900 82.9759
2000 86.2786
100 11.6619
200 17.4642
300 23.3238
400 27.4591
500 33.0606
600 38.1182
700 43.1856
800 46.3897
900 48.5077
1000 53.3385
1100 54.4518
1200 56.3205
1300 62.2896
1400 66.2722
1500 67.3647
1600 70.1142
1700 72.0278
1800 74.0608
1900 77.0584
2000 78.0577
100 13.0384
200 20.1246
300 26.2488
400 33.2415
500 43.4166
600 45.8803
700 48.1041
800 50.9608
900 55.0818
1000 58.9406
1100 59.9083
1200 60.8769
1300 62.6259
1400 63.9062
1500 65.4599
1600 66.4078
1700 68.352
1800 70.2282
1900 72.6911
2000 75.6637
100 13.1529
200 22.561
300 25.318
400 28.3019
500 33.541
600 36.6742
700 38.9487
800 43.0116
900 47.5079
1000 49.679
1100 51.6236
1200 53.9073
1300 57.2451
1400 58.8982
1500 59.6825
1600 61.6604
1700 63.7887
1800 66.0984
1900 69.2315
2000 70.0357
100 14.5602
200 22.2036
300 30.6757
400 36.4005
500 38.9102
600 45.1774
700 49.6588
800 52
900 54.1295
1000 57.3847
1100 63.5689
1200 66.4078
1300 69.2604
1400 75.2861
1500 80.0812
1600 83.8153
1700 86.3481
1800 88.5268
1900 92.6499
2000 95.3362
100 11.1803
200 18.9737
300 25
400 30.2655
500 34.5254
600 39.8121
700 44.643
800 47.5395
900 51.1957
1000 53.6004
1100 56.2939
1200 59.9083
1300 64.0312
1400 66.4831
1500 71.5681
1600 74.4648
1700 76.4003
1800 81.4923
1900 85.1645
2000 87.3613
100 11.4018
200 19.2094
300 26.2488
400 35.6931
500 40.7922
600 44.5533
700 47.676
800 48.6621
900 51.4782
1000 54.4518
1100 62.2896
1200 64.195
1300 66.1891
1400 72.2496
1500 76.1052
1600 77.2334
1700 78.3135
1800 79.3095
1900 81.0555
2000 84.0952
100 20.2237
200 26.4764
300 29.6142
400 37.2156
500 42.2966
600 44.1814
700 49.0918
800 56.0089
900 59.0085
1000 61.0082
1100 65.0308
1200 70.0071
1300 71.007
1400 73
1500 74.0068
1600 78.0064
1700 80.0999
1800 83.1505
1900 86.0233
2000 90.1388
100 13.0384
200 19.105
300 27.4591
400 31.305
500 37.1618
600 44.0114
700 47.0106
800 49.7293
900 54.5711
1000 58.8558
1100 61.8142
1200 64.9384
1300 66.2873
1400 68.2495
1500 72.5603
1600 74.5453
1700 76.2365
1800 79.3095
1900 80.2247
2000 84.214
100 14.5602
200 22.561
300 27.7308
400 31.3209
500 34.8855
600 38.0132
700 43.0813
800 43.0813
900 45.793
1000 50.2195
1100 53.1507
1200 54.1295
1300 55.9017
1400 57.5847
1500 58.3095
1600 61.131
1700 64.4748
1800 66.3099
1900 69.2604
2000 70.3847
100 14.5602
200 19.4165
300 24.3516
400 28.6356
500 33.1059
600 36.7696
700 42.0119
800 44.1022
900 48.2597
1000 51.6236
1100 54.5894
1200 58.0517
1300 62.514
1400 64.4981
1500 66.3702
1600 71.1758
1700 73.1095
1800 76.3217
1900 79.1012
2000 82.1523
100 12.7279
200 21.3776
300 26.4764
400 31.5753
500 37.6563
600 39.8121
700 45.1774
800 47.1699
900 50.3587
1000 56.1427
1100 59.0339
1200 62.2896
1300 65.0077
1400 67.0075
1500 69.029
1600 71.0634
1700 78.1025
1800 81.0062
1900 82.0061
2000 83.006
100 11.7047
200 22.561
300 29.6142
400 32.573
500 38.0132
600 41.0122
700 46.0109
800 48
900 50.2494
1000 54.3323
1100 57.4282
1200 61.5224
1300 63.6396
1400 64.7765
1500 70.5762
1600 75.1665
1700 75.2396
1800 77.0065
1900 78.4092
2000 82.2982
100 15
200 24.0832
300 30.4795
400 37.8021
500 41.4005
600 45.2769
700 48.0208
800 52.3546
900 54.1202
1000 54.8179
1100 56.8507
1200 57.6281
1300 59.0593
1400 61.7171
1500 63.1348
1600 69.4622
1700 72.0069
1800 74.2428
1900 74.7061
2000 80.0562
100 15.2315
200 22.0907
300 24.0208
400 26.8328
500 33.2415
600 35.3553
700 39.6232
800 44.4072
900 46.3897
1000 49.8197
1100 52.469
1200 55.1453
1300 59.2115
1400 60.531
1500 62.9682
1600 64.5368
1700 67.2681
1800 72.1734
1900 73.437
2000 77.1622
100 17.0294
200 23.4307
300 28.6007
400 33.0151
500 35.4683
600 38.4187
700 41.2311
800 45.4533
900 47.8017
1000 50.448
1100 52.4023
1200 57.3847
1300 59.397
1400 60.8276
1500 63.6553
1600 65.7647
1700 67.897
1800 69.3109
1900 71.4493
2000 74.3303
100 15
200 22.0227
300 27.8029
400 31.0644
500 36.0555
600 39.3192
700 42.19
800 51.2445
900 53.3385
1000 54.4518
1100 55.4437
1200 56.4358
1300 60.407
1400 64.6297
1500 67.6018
1600 70.3491
1700 71.2531
1800 75.2396
1900 76.3217
2000 77.3175
100 15.2315
200 20.5913
300 24.0416
400 27.5862
500 30.4138
600 35.0571
700 38.0526
800 43.0465
900 47.0956
1000 49.0918
1100 51.0882
1200 54.0833
1300 58.0345
1400 61.0328
1500 62.0081
1600 64.0078
1700 66.888
1800 68.6003
1900 69.9714
2000 71.218
100 19.0263
200 21.587
300 26.9258
400 33.6155
500 36.3593
600 39.3573
700 43.4626
800 46.6905
900 51.0882
1000 54.037
1100 57.0088
1200 59.4054
1300 62.0081
1400 66.2193
1500 67.624
1600 69.814
1700 73.1095
1800 73.8783
1900 75.4321
2000 77.4209
100 17.2627
200 22.3607
300 25.4951
400 35.171
500 40.1622
600 44.911
700 47.5395
800 50
900 52.8867
1000 55.5428
1100 57.0088
1200 59.1354
1300 62.0322
1400 65.7875
1500 67.0671
1600 68.7095
1700 70.0071
1800 72.8011
1900 74.8465
2000 76.5572
100 12.2066
200 19.9249
300 25.4951
400 29.1204
500 32.2025
600 36.4005
700 43.0116
800 44.5982
900 47.927
1000 51.4296
1100 51.4782
1200 55.7315
1300 56.0892
1400 59.5399
1500 60.531
1600 61.8142
1700 63.1981
1800 66.2722
1900 66.6108
2000 71.7008
100 17.6918
200 26.8328
300 33.2415
400 36.7696
500 39.9249
600 45.8803
700 47.8017
800 50.6952
900 56.7539
1000 59.4811
1100 64.2884
1200 66.7083
1300 68.6586
1400 71.5891
1500 75.505
1600 80.895
1700 81.8841
1800 82.8734
1900 86.3713
2000 88.278
100 13.8924
200 20
300 27.8029
400 32.249
500 38.4708
600 40.2492
700 47.4342
800 48.7032
900 50.6952
1000 52.811
1100 57.28
1200 60.1664
1300 64.2884
1400 67.72
1500 70.6045
1600 73.0068
1700 74.7262
1800 78.848
1900 79.8123
2000 80.604
100 14.8661
200 20.6155
300 27.2947
400 31.257
500 36.2215
600 39.3192
700 44.1022
800 44.1814
900 45.0444
1000 49.0918
1100 51.4782
1200 53.6004
1300 56.7186
1400 59.3043
1500 64.3817
1600 69.2604
1700 70.1783
1800 70.3491
1900 75.326
2000 76.4199
100 16.1555
200 19.2354
300 26.4197
400 32.45
500 37.2022
600 43.2782
700 46.2277
800 49.2037
900 55.2178
1000 58.0086
1100 61.6117
1200 63.8201
1300 66.8506
1400 69.4046
1500 71.8471
1600 74.6324
1700 77.1038
1800 78.7718
1900 80.7094
2000 84.0238
100 11.6619
200 20.6155
300 23.5372
400 28.2843
500 31.4006
600 38.0789
700 41.1947
800 45.3982
900 47.0425
1000 51.0098
1100 56.0357
1200 57.3149
1300 60.0333
1400 61.5224
1500 63.5059
1600 66.4831
1700 69.8928
1800 75.2728
1900 76.5506
2000 81.2712
100 15
200 26.3059
300 29.4279
400 36.2215
500 42.107
600 42.4264
700 43.7379
800 47.0106
900 51.0098
1000 55.0364
1100 59.0339
1200 60.0333
1300 61.0737
1400 63.0317
1500 67.3647
1600 69.2604
1700 72.3395
1800 74.4312
1900 76.6551
2000 79.6304
100 18.2483
200 23.5372
300 30.5287
400 35.3412
500 40.3113
600 42.72
700 47.1699
800 50.5964
900 55.0273
1000 59.4811
1100 61.131
1200 64.2884
1300 67.72
1400 70.342
1500 72.0347
1600 72.2772
1700 73.7564
1800 74.7329
1900 75.71
2000 77.8203
100 19.6469
200 29.4279
300 34.0147
400 40.1123
500 47.2652
600 52.0865
700 55.0818
800 58.2495
900 59.439
1000 61.8466
1100 64.7765
1200 66.7533
1300 69.6419
1400 73.7631
1500 75.4321
1600 79.1202
1700 84.2021
1800 86.6833
1900 88.3233
2000 91.4822
100 11.4018
200 18.3848
300 22.6274
400 29.6985
500 32.8024
600 36.7696
700 38.8973
800 41.1825
900 47.0106
1000 49.1935
1100 52.3546
1200 54.2033
1300 57.3062
1400 58.6686
1500 59.5399
1600 62.1772
1700 63.6318
1800 65.8635
1900 67.6018
2000 69.4622
100 13.0384
200 23.1948
300 30.8058
400 37.108
500 40.2616
600 43.9659
700 45.6946
800 48.7545
900 50.1199
1000 53.7122
1100 54.2033
1200 59.5399
1300 61.2699
1400 63.561
1500 66.7083
1600 72.0902
1700 76.1577
1800 80.2309
1900 81.939
2000 82.8553
100 13.1529
200 20
300 28.1603
400 32.0624
500 39.1152
600 45.0111
700 48.2597
800 50.1597
900 52.2398
1000 56.0089
1100 58.1378
1200 61.131
1300 65.123
1400 67.2681
1500 68.884
1600 70.859
1700 73.9797
1800 76.6551
1900 78.6384
2000 80.0625
100 16.1245
200 23.4094
300 27.2947
400 33.0151
500 39.0512
600 42.107
700 44.1475
800 50.1597
900 53.0094
1000 59.0339
1100 60.0333
1200 62.0081
1300 63.0079
1400 65.0077
1500 67.0298
1600 69.029
1700 72.9932
1800 73.9797
1900 78.4474
2000 82.5651
100 14.5602
200 18.868
300 29.1204
400 37.108
500 41.4849
600 44.5982
700 46.4866
800 47.8539
900 50.9902
1000 52
1100 54.1202
1200 55.9017
1300 59.203
1400 61.6117
1500 63.7887
1600 65.7343
1700 66.7083
1800 69.8928
1900 71.0282
2000 71.0634
100 14.0357
200 21.0238
300 27
400 29.0172
500 33
600 39
700 46.0109
800 49.163
900 53.0377
1000 55.2268
1100 58.4209
1200 63.1981
1300 65.0692
1400 68.469
1500 69.3542
1600 71.5681
1700 75.4255
1800 81.3019
1900 83.3847
2000 85.2115
100 13.1529
200 19.0263
300 23.1948
400 27.4591
500 30.0666
600 36.2215
700 40.025
800 43.1856
900 49.163
1000 54.0093
1100 55.0818
1200 57.0088
1300 60.0333
1400 62.1289
1500 64.0078
1600 68.0074
1700 73.0616
1800 75.06
1900 78.0256
2000 80.0062
100 16.1245
200 22.561
300 25.9615
400 32.28
500 34.2053
600 37.2156
700 39.8121
800 48.8365
900 53.7587
1000 57.7062
1100 63.5059
1200 67.4759
1300 68.7314
1400 72.3671
1500 73.7564
1600 73.7564
1700 76.6877
1800 78.6448
1900 80.8084
2000 83.006
100 15
200 20.6155
300 30.0832
400 32.8938
500 34.176
600 39.8246
700 43.6005
800 46.0977
900 49.679
1000 51.225
1100 54.4518
1200 55.8659
1300 58.0517
1400 61.5224
1500 64.3506
1600 65.7647
1700 67.897
1800 70.0071
1900 71.5891
2000 73.1095
