100 15.6205
200 21.0238
300 27.313
400 30.6757
500 36.4005
600 40.1622
700 44.5533
800 51.3517
900 57.1402
1000 59.0762
1100 62.0725
1200 65.192
1300 68.1175
1400 72.2496
1500 78.2304
1600 82.2982
1700 86.3713
1800 91.0879
1900 93.1343
2000 97.0206
2100 98.0051
2200 99.0808
2300 99.1262
2400 101.124
2500 102.078
2600 103.812
2700 107.28
2800 110.218
2900 111.198
3000 111.987
100 16.1555
200 20.8806
300 27.0185
400 32.6956
500 36.4005
600 40.4969
700 43.3244
800 45.8803
900 50
1000 53.1601
1100 55.0818
1200 56.7274
1300 58.7963
1400 60.0833
1500 62.3699
1600 66.0984
1700 68.6586
1800 71.1969
1900 72.1803
2000 75.3127
2100 77.1038
2200 79.0759
2300 82.3772
2400 85.3288
2500 85.3288
2600 88.955
2700 91.4112
2800 94.541
2900 96.6902
3000 98.656
100 12.083
200 18.0278
300 24.5153
400 32.5576
500 36.6742
600 44.2832
700 48.2597
800 52.0096
900 54.0093
1000 55.2268
1100 58.9406
1200 60.4152
1300 60.8769
1400 62.8172
1500 64.7611
1600 67.1863
1700 69.5845
1800 72.6911
1900 73.437
2000 75.8024
2100 78.9177
2200 82.5651
2300 83.863
2400 85.7088
2500 86.4928
2600 89.1067
2700 90.934
2800 92.9139
2900 94.8947
3000 95.8853
100 14.7648
200 21.4009
300 27.313
400 31.3847
500 36.4005
600 42.0595
700 45.2217
800 51.5461
900 56.3205
1000 59.7746
1100 62.9365
1200 72.4224
1300 75.4321
1400 75.6902
1500 82.7103
1600 83.678
1700 84.8999
1800 88.8426
1900 90.802
2000 93.3006
2100 98.5089
2200 99.5038
2300 103.484
2400 103.697
2500 106.921
2600 109.037
2700 112.009
2800 112.45
2900 115.624
3000 117.427
100 16.0312
200 24.5153
300 28.1603
400 32.573
500 36.6742
600 42.72
700 43.6578
800 48.3839
900 49.6488
1000 52.8867
1100 54.3415
1200 56.5155
1300 57.3847
1400 60.6383
1500 64.0312
1600 69.6348
1700 72.5672
1800 73.5459
1900 75.505
2000 76.1577
2100 79.0759
2200 83.9524
2300 84.1724
2400 87.0976
2500 90.2441
2600 93.5575
2700 94.541
2800 95.352
2900 95.5249
3000 96.3379
100 13.3417
200 19.2354
300 25.318
400 31.6228
500 37.5766
600 44.1022
700 46.0435
800 48.6004
900 52.6972
1000 53.535
1100 55.6058
1200 61.6117
1300 66.6108
1400 70.4344
1500 76.2168
1600 78.8162
1700 82.9277
1800 84.3801
1900 85.2115
2000 87.0919
2100 89.627
2200 91.7061
2300 92.5905
2400 93.4773
2500 96.1769
2600 98.4886
2700 99.8499
2800 100.24
2900 101.597
3000 104.709
100 16.4012
200 24.5967
300 29.4109
400 33.2415
500 36.0694
600 39.598
700 43.1393
800 48.2701
900 50.6063
1000 53.2541
1100 55.7584
1200 58.6686
1300 60.6053
1400 64.0703
1500 64.8999
1600 64.8999
1700 66.3702
1800 69.8355
1900 70.7107
2000 72.8354
2100 74.108
2200 78.0897
2300 79.4292
2400 82.3772
2500 86.3134
2600 87.8635
2700 88.459
2800 91.022
2900 92.0489
3000 93.4077
100 12.6491
200 18.3848
300 26.2488
400 31.4006
500 35.7351
600 39.8497
700 43.1856
800 46.3897
900 54.231
1000 57.0789
1100 60.0333
1200 61.2046
1300 64.2806
1400 66.4831
1500 69
1600 70.7743
1700 74.4648
1800 76.6942
1900 82.28
2000 83.9345
2100 88.1419
2200 90.802
2300 91.236
2400 93.7763
2500 94.7048
2600 96.6488
2700 98.8838
2800 100.722
2900 103.078
3000 104.957
100 12.6491
200 19.2094
300 22.8035
400 30.1496
500 34.0588
600 37.1214
700 41.0122
800 42.5441
900 49.0102
1000 51.0098
1100 54.0093
1200 58.7282
1300 59.5483
1400 60.1082
1500 62.3699
1600 62.482
1700 64.8151
1800 68.0074
1900 69.4046
2000 71.4493
2100 72.1388
2200 76.3217
2300 80.399
2400 82.2982
2500 84.0952
2600 88.1419
2700 90.1388
2800 96.1301
2900 97.1854
3000 100.125
100 13.3417
200 18.868
300 26.9258
400 30.4138
500 32.0156
600 33.9706
700 37.4833
800 41.0366
900 44.643
1000 46.8402
1100 49.0408
1200 52.8867
1300 60.6383
1400 62.5859
1500 68.4471
1600 73.1642
1700 75.3127
1800 76.2955
1900 78.8543
2000 81.3941
2100 83.7437
2200 87.8635
2300 89.627
2400 92.5743
2500 93.3809
2600 95.1893
2700 95.1893
2800 99.2975
2900 100.975
3000 101.966
100 13.4164
200 18.4391
300 24.0416
400 29.2062
500 32.6956
600 38.0789
700 45.4533
800 48.6004
900 54.6443
1000 56.9386
1100 59.5399
1200 63.9531
1300 66.2118
1400 66.7083
1500 68.542
1600 70.2282
1700 72.0902
1800 74.686
1900 79.1581
2000 80.6226
2100 81.4371
2200 83.6301
2300 86.0058
2400 89.6939
2500 92.477
2600 96.0052
2700 96.933
2800 100.658
2900 101.592
3000 104.178
100 12.8062
200 18.4391
300 25.2389
400 32.249
500 42.9418
600 47.0106
700 52.3927
800 56.0803
900 60.407
1000 62.9365
1100 65.8027
1200 71.8401
1300 71.8401
1400 74.9533
1500 77.4661
1600 84.3445
1700 85.3288
1800 87.6641
1900 90.802
2000 93.7443
2100 96.3172
2200 97.2934
2300 98.8433
2400 100.225
2500 102.181
2600 104.139
2700 107.079
2800 107.448
2900 109.238
3000 110.218
100 16.2788
200 22.8473
300 27.8568
400 31.3847
500 34.176
600 36.6742
700 42.4853
800 45.6946
900 52.5547
1000 57.9396
1100 58.6941
1200 63.2456
1300 67.72
1400 70.5195
1500 76.243
1600 76.6551
1700 80.7775
1800 83.678
1900 86.6833
2000 90.802
2100 91.0824
2200 93.771
2300 98.732
2400 99.8499
2500 102.489
2600 103.817
2700 105.683
2800 106.677
2900 108.462
3000 108.559
100 13.6015
200 18.0278
300 22.4722
400 29.1204
500 35.4401
600 38.0789
700 43.1856
800 48.1664
900 51.0098
1000 55
1100 59
1200 61
1300 65
1400 70.0071
1500 71.3092
1600 74.1687
1700 78.1601
1800 80.1561
1900 82.2192
2000 85.0529
2100 86.0523
2200 87.0517
2300 88.0511
2400 89.0225
2500 98.0459
2600 100.005
2700 101.124
2800 103.044
2900 103.078
3000 104.005
100 15.0333
200 23.0217
300 31.0644
400 36.0555
500 38.6394
600 43.1856
700 46.3897
800 49.2544
900 51.9711
1000 57
1100 57.0701
1200 59.3043
1300 61.2944
1400 63.3482
1500 65.5515
1600 68.6804
1700 74.3303
1800 77.8845
1900 78.848
2000 81.7435
2100 83.1986
2200 86.3481
2300 90.2497
2400 93.145
2500 96.3016
2600 99.4585
2700 101.651
2800 103.16
2900 106.902
3000 109.444
100 13.4536
200 22.0227
300 29.0689
400 31.3847
500 38.833
600 43.0465
700 46.0435
800 49.6488
900 51.9711
1000 54.231
1100 58.3095
1200 61.9839
1300 65.2534
1400 68.4105
1500 73.2462
1600 77.1298
1700 81.0247
1800 83.9345
1900 87.6641
2000 90.4268
2100 90.4268
2200 91.4112
2300 93.9042
2400 97.3242
2500 100.404
2600 103.31
2700 104.389
2800 105.304
2900 108.116
3000 109.554
100 14.1421
200 19.799
300 27.074
400 31.1448
500 33.7343
600 40.025
700 44.643
800 50.6952
900 52.6118
1000 56.5685
1100 59.5399
1200 60.531
1300 61.6604
1400 65.6201
1500 66.1211
1600 69.7209
1700 75.1665
1800 77.2334
1900 78.4092
2000 80.0062
2100 83.863
2200 84.8528
2300 85.8429
2400 88.295
2500 92.4175
2600 94.1488
2700 96.6902
2800 98.4784
2900 99.8248
3000 100.807
100 14.1421
200 20.3961
300 23.5372
400 28.1603
500 31.9531
600 34.3657
700 36.8782
800 39.2938
900 41.4849
1000 44.2832
1100 48.7032
1200 50.9215
1300 53.7587
1400 59.4811
1500 62.0967
1600 62.5859
1700 65.7343
1800 68.0661
1900 68.0661
2000 69.857
2100 70.6045
2200 71.3092
2300 72.5328
2400 74.3303
2500 74.9667
2600 76.2955
2700 80.4114
2800 83.7437
2900 87.8009
3000 90.471
100 16.9706
200 21.587
300 26.8701
400 32.2025
500 40.2244
600 44.4185
700 47.0106
800 52.3546
900 54.1202
1000 57.2713
1100 59.0931
1200 60.9262
1300 64.0781
1400 66.8506
1500 69.6419
1600 73.3894
1700 74.0945
1800 79.1202
1900 79.1202
2000 82.28
2100 83.006
2200 84.309
2300 85.235
2400 88.6002
2500 91.7606
2600 94.3398
2700 97.4987
2800 100.305
2900 101.592
3000 103.465
100 13.3417
200 23.0217
300 27.1662
400 34.7131
500 36.4966
600 39.8121
700 43.4166
800 49.366
900 51.2445
1000 54.231
1100 57.5587
1200 60.208
1300 61.131
1400 62.8172
1500 64.0312
1600 65.521
1700 69.3758
1800 74.2159
1900 76.6551
2000 79.1202
2100 82.28
2200 82.5651
2300 84.6463
2400 86.977
2500 88.295
2600 88.295
2700 91.0055
2800 92.1954
2900 95.3415
3000 96.3172
100 11.7047
200 17.0294
300 23.5372
400 31.0161
500 35.0143
600 43.1856
700 46.1736
800 48.1664
900 51.2445
1000 56.4358
1100 58.3095
1200 59.2115
1300 60.4401
1400 63.6003
1500 67.2681
1600 70.214
1700 72.1803
1800 73.9797
1900 76.7919
2000 77.6209
2100 80.3617
2200 81.6088
2300 84.7703
2400 87.1321
2500 88.2326
2600 91.3947
2700 92.6553
2800 94.3663
2900 96.1041
3000 97.2934
100 14.3178
200 20.6155
300 25.318
400 29.2746
500 36.2215
600 40.1123
700 42.2966
800 47.2652
900 52.7731
1000 53.9351
1100 57.0701
1200 59.0762
1300 62.0322
1400 68.0074
1500 69.2315
1600 72.1803
1700 73.9797
1800 76.4003
1900 78.1025
2000 80.895
2100 84.0119
2200 86.1452
2300 89.2693
2400 90.2552
2500 93.2148
2600 98.1529
2700 101.119
2800 105.076
2900 107.056
3000 108.19
100 12.2066
200 20.2485
300 27.1662
400 32.0624
500 36.7151
600 39.3573
700 45.31
800 48.8467
900 52
1000 55.0364
1100 55.9464
1200 61.327
1300 63.9531
1400 67.5426
1500 71.1758
1600 73.0068
1700 75.1332
1800 81.2712
1900 85.3815
2000 85.703
2100 88.2326
2200 91.3947
2300 93.6056
2400 95.5092
2500 97.4166
2600 97.7394
2700 100.09
2800 104.752
2900 105.849
3000 106.775
100 11.6619
200 17.4642
300 25.318
400 31.5753
500 36.2215
600 39.3192
700 41
800 47.0744
900 49.8197
1000 53.7587
1100 55.7853
1200 60.1664
1300 61.131
1400 63.9062
1500 66.4831
1600 69.0797
1700 70.214
1800 75.1532
1900 79.6241
2000 85.0882
2100 85.6154
2200 86.1626
2300 88.955
2400 88.955
2500 90.1388
2600 93.0484
2700 95.5196
2800 96.4624
2900 97.8621
3000 102.528
100 12.2066
200 17.088
300 22.0227
400 26.0768
500 31.1448
600 34.1321
700 38.833
800 41.7732
900 45.3982
1000 48.0937
1100 50.1597
1200 56.0357
1300 59
1400 61
1500 63.5059
1600 66.7533
1700 70.214
1800 73.9797
1900 77.9295
2000 81.2158
2100 81.2158
2200 81.3941
2300 84.3445
2400 86.1452
2500 86.1452
2600 87.4757
2700 90.802
2800 94.1488
2900 94.1488
3000 95.8019
100 17.1172
200 22.561
300 28.4429
400 37.3631
500 39.0512
600 40.025
700 42.9535
800 48.8365
900 49.8197
1000 54.4518
1100 55.3263
1200 56.3205
1300 59.2115
1400 62.514
1500 67.3647
1600 67.7422
1700 69.0652
1800 73.0616
1900 74.3303
2000 76.4853
2100 78.4474
2200 79.4292
2300 82.0061
2400 86.885
2500 87.8635
2600 89.4427
2700 89.9889
2800 93.086
2900 94.0851
3000 97.0824
100 12.3693
200 17.4642
300 21.9317
400 27.7308
500 32.2025
600 38.833
700 39.8121
800 44.7214
900 50.2195
1000 51.9711
1100 53.9351
1200 57.8705
1300 61.9839
1400 65.1153
1500 69.8713
1600 71.7008
1700 75.9539
1800 81.0494
1900 82.9759
2000 86.977
2100 88.7694
2200 89.7385
2300 91.214
2400 93.9628
2500 94.921
2600 95.901
2700 97.0464
2800 98.1275
2900 100.02
3000 101.178
100 13.4536
200 18.868
300 21.9545
400 25.318
500 31.8277
600 36.4005
700 43.566
800 50.1199
900 54.5619
1000 56.8243
1100 56.8243
1200 58.8727
1300 62.6498
1400 66.3099
1500 69.857
1600 73.5391
1700 76.1577
1800 77.0779
1900 79.7057
2000 81.5414
2100 82.4621
2200 85.7963
2300 86.7295
2400 86.9253
2500 89.5545
2600 90.8735
2700 92.1358
2800 94.8103
2900 95.7079
3000 97.949
100 12.6491
200 20.2485
300 25.1794
400 27.7308
500 33.0151
600 37.855
700 39.8121
800 43.4626
900 48.2701
1000 51.2445
1100 55.5428
1200 58.4637
1300 62.3699
1400 67.9117
1500 69.857
1600 71.8053
1700 73.2462
1800 74.9533
1900 78.848
2000 81.7435
2100 83.9345
2200 85.3756
2300 89.9889
2400 91.6788
2500 93.6216
2600 94.5939
2700 97.7446
2800 97.7446
2900 98.7168
3000 99.6895
100 12.1655
200 18.1108
300 22.1359
400 29.5466
500 33.6155
600 36.6742
700 38.6264
800 43.0813
900 46.8188
1000 49.98
1100 53.7587
1200 58.2409
1300 62.5859
1400 66.0984
1500 68.352
1600 72.2357
1700 73.1642
1800 77.6209
1900 80.0812
2000 81.4923
2100 82.4621
2200 86.3481
2300 87.0919
2400 88.7694
2500 89.4986
2600 89.4986
2700 92.4175
2800 93.9415
2900 94.921
3000 98.7927
100 13.9284
200 28.4429
300 32.3883
400 39.2046
500 42.9535
600 47.2969
700 50.3587
800 58.3095
900 62.1289
1000 66.1891
1100 70.1783
1200 73.1095
1300 78.1025
1400 81.0555
1500 84.0536
1600 84.0536
1700 86.0233
1800 88.0227
1900 89.3588
2000 90.0222
2100 92.0217
2200 96.0469
2300 98.0816
2400 101.045
2500 104.043
2600 106.075
2700 107.075
2800 109.073
2900 110.073
3000 111.113
100 13
200 19.3132
300 23.3238
400 28.8444
500 32.45
600 35.3553
700 38.0132
800 39.4462
900 44.6542
1000 47.1699
1100 51.3128
1200 55.5698
1300 57.6888
1400 60.6053
1500 62.3699
1600 64.5368
1700 67.3573
1800 71.5891
1900 73.7564
2000 75.1665
2100 76.5768
2200 77.9872
2300 79.511
2400 81.5659
2500 83.8689
2600 85.7963
2700 87.8009
2800 90.2718
2900 91.5478
3000 93.086
100 13.6015
200 19.6977
300 27.2029
400 34.2053
500 39.2938
600 44.3847
700 46.6905
800 49.4773
900 51.5461
1000 56.0446
1100 59.1354
1200 62.3699
1300 64.3273
1400 67.2681
1500 71.1126
1600 72.4983
1700 73.8241
1800 74.7329
1900 76.0263
2000 78.2624
2100 80.8084
2200 82
2300 83.1986
2400 85.8836
2500 87.6584
2600 89.8944
2700 91.6788
2800 92.6553
2900 94.3027
3000 96.2549
100 15.2315
200 21.1896
300 29.8329
400 33.2415
500 36.1386
600 39.0128
700 42.3792
800 44.9444
900 49.7293
1000 51.6624
1100 53.8516
1200 55.0818
1300 57.9741
1400 61.0328
1500 65.0077
1600 66.0076
1700 68.0074
1800 74.0068
1900 75
2000 80
2100 82.0549
2200 85
2300 86.0058
2400 86.0523
2500 88.278
2600 90.3549
2700 93.3435
2800 93.3435
2900 98.2497
3000 102.176
100 16.1245
200 22.0907
300 27.4591
400 31.0161
500 35.3412
600 38.0132
700 41.8808
800 46.3897
900 49.3964
1000 51.2445
1100 55.7315
1200 58.0517
1300 59.8415
1400 61.8142
1500 64.7765
1600 65.192
1700 69.7209
1800 72.3395
1900 74.8131
2000 75.6902
2100 76.6551
2200 80.6226
2300 84.8528
2400 85.8429
2500 86.977
2600 89.1067
2700 90.2552
2800 91.4112
2900 96.8814
3000 98.27
100 11.4018
200 18
300 24.5153
400 30.5941
500 33.9559
600 38.833
700 44.2832
800 46.0977
900 49.2443
1000 52.0384
1100 54.1479
1200 58.0775
1300 61.0737
1400 62.0725
1500 67.0298
1600 69.0652
1700 72.0069
1800 73.0068
1900 75.1665
2000 78.0577
2100 82
2200 83.006
2300 87.023
2400 89.0225
2500 90.0222
2600 92.0489
2700 94.1329
2800 96.0052
2900 101.124
3000 103.078
100 13.0384
200 22.0227
300 27.0185
400 30.0666
500 34.0147
600 37.0135
700 39.5601
800 47.1275
900 49.3356
1000 53.1601
1100 54.1202
1200 55.3624
1300 59.1354
1400 61.0328
1500 65
1600 67
1700 69
1800 70.0286
1900 75.71
2000 77.7817
2100 78.4474
2200 80.0625
2300 81.0494
2400 81.6149
2500 85
2600 86.3134
2700 88.6454
2800 90.6091
2900 91.5915
3000 95.1315
100 17
200 21.3776
300 26.5707
400 30.8707
500 33.6155
600 35.7771
700 37.5899
800 40.3113
900 43.909
1000 45.607
1100 50.3289
1200 52.6308
1300 56.4004
1400 58.5235
1500 60.208
1600 61.5873
1700 62.9682
1800 64.0078
1900 66.3702
2000 69.1158
2100 70.4911
2200 72.7186
2300 73.5731
2400 75.7166
2500 76.5506
2600 79.6304
2700 82.4197
2800 82.4197
2900 83.2406
3000 85.276
100 12.2066
200 19.2094
300 27.7308
400 33.6155
500 37.5899
600 42.4853
700 47.0106
800 50.1597
900 53.8516
1000 55.7136
1100 58.8727
1200 61.6847
1300 65.4599
1400 66.3099
1500 71.5122
1600 77.1622
1700 78.924
1800 80.9568
1900 81.7068
2000 83.4865
2100 86.6487
2200 89.5377
2300 90.4765
2400 93.7763
2500 96.4624
2600 96.7988
2700 97.7394
2800 98.4124
2900 99.3177
3000 101.518
100 12.6491
200 19.2354
300 22.1359
400 27.0185
500 32.0156
600 34.2345
700 37.4833
800 43.0465
900 44.2832
1000 46.2709
1100 49.0408
1200 49.3356
1300 52.9528
1400 56.8859
1500 58.2495
1600 60.531
1700 63.6396
1800 63.7887
1900 66.0984
2000 69.0507
2100 71.007
2200 72.0069
2300 74.0068
2400 75.06
2500 79.0063
2600 80.0062
2700 85.0059
2800 85.0059
2900 88.0227
3000 90.0056
100 15
200 18.4391
300 25.2389
400 29.5466
500 32.8938
600 35.805
700 41.1096
800 46.0977
900 47.634
1000 50.9117
1100 53.7587
1200 56.0803
1300 59.0339
1400 61.0328
1500 62.6498
1600 66.3099
1700 72.45
1800 75.0267
1900 79.4796
2000 80.7775
2100 84.309
2200 86.1626
2300 87.8465
2400 90.0777
2500 96.1353
2600 98.9798
2700 101.242
2800 103.407
2900 105.948
3000 108.522
100 14.5602
200 23.3452
300 27.0185
400 33.9559
500 36.8782
600 41.4367
700 45.8803
800 50.1597
900 55.1543
1000 58.6941
1100 61.7171
1200 64.8845
1300 68.6003
1400 72.2011
1500 75.2861
1600 77.3369
1700 79.2465
1800 80.2122
1900 81.8413
2000 85.703
2100 88.4816
2200 90.1388
2300 91.526
2400 94.0319
2500 95.7183
2600 97.6371
2700 99.5691
2800 103.247
2900 104.307
3000 105.394
100 12.53
200 16.7631
300 21.8403
400 27.5862
500 34.7131
600 38.2884
700 40.3113
800 44.6878
900 46.7547
1000 48.3011
1100 55.5428
1200 59.5063
1300 63.1585
1400 66.3099
1500 68.542
1600 74.8465
1700 76.6942
1800 80.2309
1900 85.6154
2000 87.4643
2100 90.2497
2200 92.8493
2300 94.3398
2400 96.3846
2500 97.7394
2600 99.5389
2700 101.769
2800 103.619
2900 106.042
3000 107.355
100 14.2127
200 20.6155
300 26
400 30.4138
500 36.2353
600 38.9102
700 41.2311
800 44.0114
900 47.4236
1000 52.2015
1100 55.0273
1200 56.3205
1300 59.808
1400 64.5136
1500 68.6222
1600 73.3894
1700 76.5506
1800 80.6536
1900 85.0941
2000 88.8651
2100 92.6984
2200 92.8493
2300 96.2081
2400 96.566
2500 98.4327
2600 101.079
2700 103.315
2800 104.547
2900 107.912
3000 108.849
100 17.4642
200 23.0217
300 28.0713
400 31.5753
500 33.7343
600 38.4708
700 41.4367
800 45.3982
900 47.3814
1000 49.0918
1100 52.0865
1200 53.7587
1300 55.7315
1400 59.0339
1500 61
1600 62.3699
1700 66.4906
1800 70.214
1900 74.1485
2000 77.2787
2100 81.0494
2200 82.3772
2300 85.3288
2400 86.3134
2500 88.1192
2600 90.2552
2700 91.5915
2800 93.0591
2900 93.0591
3000 93.9042
100 14.0357
200 23.1948
300 31.0644
400 36.2215
500 40.3113
600 42.7551
700 49.2443
800 54.4059
900 58.2495
1000 60.8276
1100 64.3817
1200 64.4981
1300 68.1836
1400 72.4431
1500 74.6726
1600 76.3217
1700 79.3095
1800 83.4865
1900 86.4696
2000 89.4539
2100 91.6624
2200 96.8762
2300 98.5089
2400 101.597
2500 103.484
2600 106.381
2700 107.229
2800 109.225
2900 112.161
3000 117.209
100 12.0416
200 18.0278
300 25.0799
400 29.9666
500 33.2415
600 37.3631
700 41.1096
800 44.2945
900 46.6476
1000 50.2096
1100 53.7122
1200 55.1725
1300 57.28
1400 60.407
1500 63.1269
1600 65.192
1700 67.3573
1800 68.884
1900 72.7324
2000 74.6324
2100 76.5376
2200 77.6209
2300 80.5233
2400 82
2500 82.9759
2600 84.9294
2700 85.9069
2800 87.3212
2900 89.4986
3000 92.4175
100 11.7047
200 17
300 25.4951
400 28.8617
500 32.0156
600 35.4683
700 38.0789
800 43.0813
900 46.0977
1000 49.7695
1100 55.5428
1200 57.2451
1300 59.0339
1400 63.0635
1500 64.4127
1600 68.4251
1700 69.7782
1800 70.3278
1900 73.0068
2000 74.4648
2100 79.4796
2200 82.8734
2300 86.6487
2400 88.8876
2500 91.0934
2600 92.72
2700 94.3716
2800 95.3362
2900 95.3362
3000 96.8814
100 18.1108
200 23.5372
300 28.3019
400 32.6497
500 38.1182
600 41.1947
700 44.1814
800 47.4342
900 49.4065
1000 51.8652
1100 54.3783
1200 55.9732
1300 58.1378
1400 61.2209
1500 63.0714
1600 64.195
1700 67.0671
1800 69.029
1900 72.6223
2000 74.5185
2100 76.8375
2200 80
2300 81.2158
2400 82.0061
2500 85.6037
2600 85.7555
2700 87.4643
2800 89.202
2900 91.4166
3000 93.2309
100 13.1529
200 23.5372
300 29.1204
400 36.2353
500 41
600 46.0977
700 48.8365
800 52.6308
900 57.7062
1000 62.8013
1100 65.307
1200 67.6831
1300 69.6419
1400 69.6419
1500 72.4224
1600 74.3303
1700 77.1038
1800 79.1581
1900 82.0975
2000 86.0233
2100 87.023
2200 88.0909
2300 90.0222
2400 94.0213
2500 95.0211
2600 97.0052
2700 97.0052
2800 103.019
2900 105.043
3000 108.074
100 12.0416
200 19.2354
300 24.0832
400 29.6142
500 32.0156
600 35.9026
700 40.3113
800 42.72
900 44.7214
1000 48.0521
1100 50.5668
1200 55.9017
1300 60.4152
1400 63.1585
1500 65.5515
1600 68.6222
1700 73.6817
1800 78.1089
1900 80.0062
2000 80.9568
2100 80.9568
2200 83.8153
2300 86.977
2400 90.4434
2500 93.6056
2600 95.8175
2700 102.142
2800 107.856
2900 108.812
3000 108.812
100 15.0333
200 28.1603
300 31.3209
400 35.171
500 38.6394
600 40.7922
700 43.7379
800 48.3735
900 51.8845
1000 53
1100 55.7315
1200 59.9416
1300 62.8013
1400 65.5134
1500 70.7248
1600 73.4983
1700 78.2304
1800 80.455
1900 84.7231
2000 88.193
2100 92.5905
2200 93.6483
2300 94.1541
2400 96.7471
2500 97.7548
2600 100.24
2700 102
2800 104.235
2900 105.688
3000 107.355
100 15.5242
200 24.0832
300 30.0832
400 35.0143
500 43.0465
600 48.0937
700 53.0377
800 55.0818
900 56.0803
1000 58.1378
1100 60.1332
1200 62.8013
1300 64.1249
1400 68.0661
1500 69.8713
1600 74.8131
1700 75.8024
1800 77.1298
1900 79.6304
2000 81.0247
2100 85.9069
2200 87.0976
2300 88.0738
2400 88.295
2500 88.5268
2600 90.471
2700 91.7606
2800 93.0054
2900 97.3293
3000 97.3293
100 13
200 20.2237
300 27.6586
400 32.1403
500 38.0526
600 44.0114
700 47.0425
800 52.0384
900 58.0086
1000 59.1354
1100 64.0078
1200 65.0692
1300 67
1400 68
1500 71.3442
1600 72.4431
1700 74.2428
1800 77.4145
1900 80.7775
2000 84.4808
2100 86.3308
2200 87.6413
2300 90.4765
2400 95.8593
2500 97.4987
2600 99.5389
2700 100.464
2800 101.592
2900 101.843
3000 102.528
100 13.4164
200 22.561
300 31.0644
400 37
500 41
600 43.1856
700 44.1814
800 51.2445
900 53.3385
1000 55.4437
1100 59.2115
1200 61.131
1300 62.1289
1400 66.1211
1500 67.0298
1600 68.0661
1700 70.0286
1800 71.0282
1900 73.0274
2000 75.0067
2100 78.0256
2200 82.0244
2300 84.0238
2400 85.0941
2500 87.6641
2600 91.2195
2700 93.1719
2800 94.3663
2900 95.3415
3000 97.2934
100 10.8167
200 20
300 24.6982
400 31.305
500 35.4683
600 38.9102
700 42.0476
800 46.1736
900 51.0392
1000 54.1479
1100 55.1453
1200 60.0333
1300 65.0692
1400 68
1500 74.0068
1600 76.0066
1700 79.0253
1800 82.0244
1900 87.023
2000 91.022
2100 94.0053
2200 97.0464
2300 100.005
2400 101.02
2500 102.02
2600 103
2700 103.175
2800 107.378
2900 111.759
3000 115.732
100 14.8661
200 22.2036
300 26.4764
400 30.6757
500 35.7351
600 39.2938
700 41.4849
800 42.9535
900 46.2385
1000 48.4665
1100 50.6952
1200 54.7083
1300 61.3514
1400 62.2977
1500 64.2573
1600 65.5515
1700 70.214
1800 70.214
1900 71.4703
2000 73.5391
2100 76.4003
2200 80.0999
2300 82.0975
2400 85.0941
2500 87.0919
2600 89.3197
2700 89.56
2800 95.5249
2900 96.6282
3000 98.6154
100 11.4018
200 20.025
300 28.0179
400 33.0606
500 36.2215
600 43.0116
700 48
800 56.0089
900 60.208
1000 63.2851
1100 67.0671
1200 67.1863
1300 72.111
1400 77.026
1500 81
1600 83
1700 89.0225
1800 90.0222
1900 91.1373
2000 94.0213
2100 99.0202
2200 100.045
2300 103.078
2400 105.076
2500 107.075
2600 108.116
2700 110.164
2800 110.223
2900 113.159
3000 116.276
100 12.6491
200 20.3961
300 26
400 30.6757
500 33.5261
600 35.4401
700 37.6431
800 44.1475
900 47.8539
1000 50.636
1100 54.1295
1200 57.7062
1300 59.4138
1400 64.195
1500 66.1287
1600 70.342
1700 72.7805
1800 76.2168
1900 78
2000 80.5295
2100 84.3445
2200 87.2983
2300 90.2552
2400 92.0706
2500 95.0368
2600 97.0155
2700 97.8673
2800 99.8499
2900 100.404
3000 101.272
100 13
200 20.6155
300 30.5941
400 33.8378
500 37.6431
600 39.8121
700 43.7379
800 45.5412
900 48.5077
1000 52.345
1100 55.1453
1200 60.2993
1300 64.195
1400 68.1836
1500 72.4431
1600 72.4431
1700 77.5242
1800 78.7718
1900 80.6226
2000 82.6075
2100 85.0941
2200 86.0523
2300 87.1436
2400 90.1998
2500 93.1933
2600 97.1854
2700 101.4
2800 103.31
2900 105.304
3000 105.575
100 13
200 24.7386
300 32.249
400 40.6079
500 44.911
600 48.2701
700 54.5711
800 61
900 64.1327
1000 68.7314
1100 69.7209
1200 72.4431
1300 76.6551
1400 79.6304
1500 83.863
1600 85.7088
1700 87.6926
1800 87.6926
1900 90.1388
2000 92.1358
2100 96.1301
2200 99.1262
2300 104.173
2400 107.042
2500 109.165
2600 110.005
2700 111.162
2800 112.161
2900 113.111
3000 113.217
100 14.2127
200 17.6918
300 24.8395
400 28.8444
500 32.2025
600 35.2278
700 40.2244
800 45.2769
900 47.5079
1000 50.2494
1100 52.4786
1200 56.4358
1300 58.6686
1400 61.0574
1500 62.7694
1600 64.4981
1700 68.3081
1800 69.3758
1900 72.2772
2000 75.6902
2100 76.844
2200 78.7464
2300 81.6088
2400 82.5651
2500 83.2406
2600 85.8662
2700 88.295
2800 89.2861
2900 93.1719
3000 93.1719
100 13.9284
200 23.4094
300 29.7321
400 36.6879
500 41.4367
600 45.1774
700 50.2494
800 51.9711
900 56.4004
1000 60.6053
1100 64.2028
1200 65.8027
1300 68.0294
1400 71.0282
1500 73.5391
1600 74.6726
1700 76.6942
1800 79.8499
1900 82.6378
2000 85.8021
2100 86.4002
2200 87.8009
2300 88.8369
2400 91.0659
2500 94.3398
2600 96.3846
2700 100.344
2800 103.942
2900 108.301
3000 110.941
100 14.3178
200 22.1359
300 26.9258
400 31.7805
500 34.9857
600 39.3954
700 41.7732
800 45.3431
900 49.0408
1000 49.3356
1100 51.8652
1200 55.4707
1300 57.1402
1400 57.9828
1500 60.0333
1600 62.0322
1700 63.1348
1800 65.437
1900 68.4105
2000 70.1783
2100 72.4224
2200 75.452
2300 77.8332
2400 80.0562
2500 82.8734
2600 84.4334
2700 85.0941
2800 85.7963
2900 87.6641
3000 87.6641
100 13.6015
200 19.105
300 23.6008
400 27.7849
500 30.8058
600 33.6006
700 39.4081
800 44.0454
900 48.0104
1000 51.4004
1100 53.6004
1200 56.8507
1300 60.959
1400 65.192
1500 69.6563
1600 71.8401
1700 76.0592
1800 77.4661
1900 79.0253
2000 83.006
2100 84.6463
2200 87.2067
2300 88.5268
2400 89.202
2500 91.8368
2600 92.6984
2700 94.7945
2800 96.8969
2900 99.0051
3000 99.7046
100 16.1245
200 26
300 34.0588
400 38.3275
500 44.4072
600 49.366
700 52.8867
800 56.7539
900 59.0339
1000 61.1882
1100 63.7887
1200 66.9104
1300 69.0507
1400 71.0211
1500 73.1642
1600 75.3127
1700 78.2624
1800 82.201
1900 84.3445
2000 92.3959
2100 94.3663
2200 96.8762
2300 98.4784
2400 101.435
2500 104.561
2600 107.517
2700 108.674
2800 108.853
2900 110.82
3000 113.772
100 13.9284
200 20.2237
300 25.9615
400 30.6757
500 34.2053
600 37.3631
700 39.6232
800 41.7732
900 45.2217
1000 47.8017
1100 50
1200 51.923
1300 55.3624
1400 57.4891
1500 58.4637
1600 60.6383
1700 64.3273
1800 67.4685
1900 69.6348
2000 71.3863
2100 72.1803
2200 75.1665
2300 78.0256
2400 81.0247
2500 84.0238
2600 86.093
2700 90.0056
2800 91.0055
2900 91.0824
3000 95.0053
100 14.7648
200 22.1359
300 26
400 29.5466
500 34.176
600 39.2173
700 42.1545
800 46.8188
900 48.7032
1000 52.2015
1100 54.0833
1200 58.5235
1300 59.7746
1400 62.6418
1500 67.6757
1600 69.5701
1700 70.8802
1800 72.4224
1900 75.1864
2000 77.1298
2100 77.3692
2200 77.7817
2300 81.4923
2400 83.4326
2500 86.5852
2600 88.5268
2700 88.7694
2800 90.956
2900 93.8616
3000 94.8314
100 14.2127
200 23.6008
300 29.6816
400 33.121
500 34.5398
600 38.8973
700 41.4849
800 44.2719
900 46.1736
1000 51.923
1100 55.0818
1200 58.9406
1300 61.131
1400 61.131
1500 63.3246
1600 66.4831
1700 67.4463
1800 70.214
1900 73.0821
2000 74.0405
2100 80.7775
2200 82.9699
2300 89.7385
2400 92.4175
2500 95.3415
2600 97.0824
2700 98.0612
2800 100.02
2900 102.391
3000 105.537
100 16.4924
200 21.587
300 25.632
400 31.3209
500 34.5398
600 40.8044
700 44.9222
800 49.0408
900 53.1601
1000 54.1202
1100 57.9741
1200 61.0574
1300 64.3506
1400 67.1193
1500 69.0652
1600 74.6257
1700 77.9359
1800 78.7718
1900 80.1561
2000 82.4197
2100 84.2021
2200 86.267
2300 86.8389
2400 90.2718
2500 93.5094
2600 96.3328
2700 98.4937
2800 99.2472
2900 100.658
3000 103.479
100 13
200 21.0238
300 28.0179
400 32.249
500 39.2046
600 44.1022
700 48.0104
800 50
900 53.3667
1000 58.9406
1100 64.56
1200 66.7608
1300 68.0074
1400 70.8308
1500 73.3485
1600 75.505
1700 80.604
1800 83.7437
1900 87.6641
2000 91.7824
2100 92.8924
2200 96.5091
2300 97.4936
2400 99.0404
2500 100.225
2600 101.415
2700 102.786
2800 106.513
2900 107.935
3000 109.636
100 12.6491
200 18.4391
300 24.2074
400 31.0161
500 38.2753
600 39.5601
700 42.1545
800 43.2897
900 44.9444
1000 47.0106
1100 49.0102
1200 51.5461
1300 52.7731
1400 56.4624
1500 61.131
1600 62.8172
1700 63.8905
1800 66.7083
1900 68.6586
2000 69.4262
2100 71.5891
2200 73.3485
2300 74.5252
2400 75.505
2500 78.8543
2600 81.2527
2700 84.9706
2800 89.8999
2900 90.377
3000 93.5201
100 12.1655
200 18.4391
300 23.3452
400 27.4591
500 31.4006
600 37.3363
700 40.4475
800 43.566
900 44.4072
1000 48.2597
1100 53.1507
1200 54.037
1300 58.5491
1400 60.531
1500 65.3758
1600 68.1175
1700 69.4622
1800 72.3395
1900 77.1038
2000 79.1012
2100 80.0999
2200 81.0987
2300 83.0963
2400 85.0941
2500 85.1469
2600 87.0517
2700 90.0222
2800 92.0217
2900 95.3362
3000 97.3293
100 14.5602
200 20.3961
300 29.1548
400 32.249
500 35.2278
600 40.4969
700 47.4342
800 49.6488
900 52.3927
1000 54.4243
1100 58.1378
1200 61.7171
1300 65.7951
1400 68.8767
1500 69.7782
1600 72.4983
1700 76.1577
1800 77.0779
1900 78.7464
2000 82.5651
2100 84.2021
2200 86.1278
2300 86.7295
2400 91.4166
2500 93.6376
2600 94.7048
2700 95.7079
2800 98.8433
2900 99.8098
3000 102.157
100 10.0499
200 17
300 24.0416
400 26.4197
500 31.1448
600 38.0526
700 42.107
800 48.2597
900 49.6488
1000 53.0377
1100 55.9017
1200 59.8415
1300 62.3939
1400 65.4905
1500 70.4557
1600 72.4431
1700 73.6817
1800 77.3175
1900 78.2304
2000 83.1505
2100 83.4865
2200 89.56
2300 90.5539
2400 95.352
2500 96.3379
2600 99.2975
2700 101.119
2800 103.247
2900 104.738
3000 106.705
100 17.4642
200 25.0799
300 29.1548
400 34.7851
500 39.5601
600 43.9659
700 45.2217
800 50.5964
900 54.4059
1000 56.3205
1100 59.7746
1200 61.4654
1300 64.846
1400 67.7791
1500 71.3092
1600 75.7694
1700 79.4796
1800 83.2166
1900 85.44
2000 87.3155
2100 88.6002
2200 89.8443
2300 92.72
2400 94.921
2500 96.566
2600 98.0816
2700 100.305
2800 106.283
2900 106.775
3000 108.079
100 16.4924
200 25.1794
300 31.4006
400 36.1248
500 45.0999
600 47.1699
700 50.0899
800 51.1566
900 55.1453
1000 60.2993
1100 62.2013
1200 64.3273
1300 65.9697
1400 69.6348
1500 71.0282
1600 73.0616
1700 75.06
1800 80.0562
1900 81.0987
2000 86.1452
2100 90.0888
2200 91.0494
2300 94.0053
2400 96.0052
2500 98.0051
2600 100.005
2700 101.005
2800 103.019
2900 104.005
3000 104.019
100 15.2315
200 20.5913
300 26.4197
400 30.8058
500 35.8469
600 40
700 44.1475
800 49.0306
900 52.6308
1000 55.109
1100 58.0517
1200 59.2284
1300 61.1882
1400 63.3482
1500 66.0984
1600 69.857
1700 71.0634
1800 74.2159
1900 74.4648
2000 77.8781
2100 79.0759
2200 82
2300 82.7647
2400 85.6154
2500 85.8662
2600 88.193
2700 89.8944
2800 92.5905
2900 93.4773
3000 95.7079
100 13.0384
200 18.7883
300 24.7386
400 32.28
500 35.7351
600 39.5601
700 46.5725
800 48.5077
900 55.7853
1000 60.4401
1100 61.3922
1200 64.7611
1300 66.9403
1400 68.1542
1500 69.857
1600 73.7564
1700 75.71
1800 80.7527
1900 84.0119
2000 85.7088
2100 88.6454
2200 90.4268
2300 93.2148
2400 95.0368
2500 95.0368
2600 97.0155
2700 97.0155
2800 98.8585
2900 98.9949
3000 101.966
100 12.1655
200 19.105
300 27.1662
400 31.1448
500 37.6563
600 40.6079
700 42.7551
800 47.0425
900 49.0408
1000 52.2398
1100 55.2268
1200 58.2151
1300 63
1400 65
1500 68.0294
1600 70.0071
1700 73.0616
1800 76.0592
1900 79.1012
2000 81.0987
2100 81.2219
2200 81.6149
2300 85.9884
2400 87.2983
2500 89.8053
2600 91.0824
2700 92.6553
2800 94.578
2900 95.1893
3000 97.0824
100 12.0416
200 17.0294
300 23.4094
400 27.8568
500 32.573
600 34.4093
700 39.4462
800 41.3401
900 44.8219
1000 47.1699
1100 51.4782
1200 55.9017
1300 59.0339
1400 63.0714
1500 68.0074
1600 72.0069
1700 76.0263
1800 82.1523
1900 85.2877
2000 88.8144
2100 91.9239
2200 93.9042
2300 95.1893
2400 95.5249
2500 96.8762
2600 99.2472
2700 99.4636
2800 100.896
2900 101.868
3000 102.703
100 12.083
200 18.6011
300 22.4722
400 25.9615
500 30.8058
600 31.0644
700 35.7771
800 38.6264
900 41.4367
1000 43.382
1100 44.2832
1200 46.5725
1300 50.2195
1400 51.1957
1500 54.1479
1600 55.0091
1700 57.0351
1800 60.0333
1900 62.0322
2000 64.9384
2100 69.0507
2200 69.2315
2300 73.3485
2400 76.6877
2500 78.4474
2600 82.5651
2700 84.1724
2800 88.0738
2900 89.4986
3000 93.1719
100 14.4222
200 20.1246
300 29.2062
400 33.121
500 36.7151
600 40.8167
700 46.0652
800 49.6488
900 53.2259
1000 57.3847
1100 59.808
1200 63.6946
1300 64.4748
1400 69.5701
1500 69.8928
1600 74
1700 74.9466
1800 77.4919
1900 78.4474
2000 79.404
2100 80.5233
2200 81.7068
2300 83.006
2400 84.1724
2500 85.6154
2600 86.9253
2700 87.4643
2800 88.6848
2900 91.2414
3000 92.72
100 16.5529
200 23.4094
300 29.8329
400 30.8058
500 35.3412
600 40.3113
700 43.0813
800 46.2385
900 48.1041
1000 50.9215
1100 52.4976
1200 59.9083
1300 62.5859
1400 65
1500 72.0347
1600 73.9797
1700 76.9025
1800 77.666
1900 79.6241
2000 80.8084
2100 83.4865
2200 84.5931
2300 86.764
2400 87.6584
2500 89.6772
2600 94.6414
2700 97.6217
2800 99.4082
2900 103.392
3000 106.471
100 13.4164
200 20.2485
300 25.4951
400 33.2415
500 35.3412
600 40.4969
700 44.8219
800 47.634
900 51.1566
1000 55.1453
1100 59.1354
1200 65.0692
1300 66.1211
1400 69.0652
1500 73.0616
1600 75.1066
1700 76.1052
1800 79.0253
1900 82.0244
2000 82.0244
2100 86.0233
2200 89.0898
2300 92.0054
2400 94.0053
2500 95.0211
2600 97.0206
2700 98.0459
2800 99.1262
2900 101.02
3000 102.577
100 13.0384
200 19.8494
300 24.5153
400 28.2843
500 33.3017
600 37.6431
700 41.6173
800 45.4863
900 47.2969
1000 55.4437
1100 58.5491
1200 60.2993
1300 64.0703
1400 67.1193
1500 70.3491
1600 72.3395
1700 73.0274
1800 76.0592
1900 78
2000 79.1012
2100 82
2200 83
2300 87.0517
2400 91.0494
2500 92.0054
2600 93.0215
2700 95.0211
2800 95.1315
2900 98.1835
3000 99.1262
100 12.0416
200 20.5913
300 26.4197
400 32.8938
500 41.7732
600 46.5296
700 51.9711
800 56.2939
900 60.531
1000 62.2896
1100 63.6003
1200 66.2722
1300 72.1734
1400 78.1601
1500 82.2982
1600 85.7088
1700 87.8237
1800 91.1976
1900 93.1343
2000 95.1315
2100 97.0824
2200 100.045
2300 103.121
2400 105.119
2500 109.225
2600 111.364
2700 112.446
2800 115.352
2900 119.507
3000 124.68
100 11.0454
200 20.6155
300 24.6982
400 30.4631
500 35.4683
600 36.8782
700 39.8246
800 44.2832
900 45.2769
1000 47.2652
1100 52.345
1200 55.2268
1300 58.258
1400 62.482
1500 65.437
1600 68.2495
1700 69.527
1800 70.2922
1900 74.6525
2000 76.5768
2100 77.9872
2200 80.2808
2300 82.801
2400 84.4038
2500 85.8021
2600 86.6083
2700 88.8144
2800 89.8053
2900 93.4773
3000 95.1315
100 16.1245
200 22.0907
300 29.1548
400 32.3883
500 38.0789
600 41.9762
700 46.8722
800 52.6308
900 53.9351
1000 57.28
1100 59.5399
1200 62.6498
1300 65.4905
1400 68.884
1500 71.8471
1600 73.8241
1700 76.2955
1800 79.0759
1900 80.4114
2000 82
2100 82.2253
2200 84.8528
2300 86.3713
2400 88.3629
2500 90.3549
2600 91.444
2700 92.5419
2800 94.5304
2900 94.8947
3000 96.6282
100 15.2971
200 20.3961
300 25.632
400 32.311
500 36.0555
600 39.2173
700 41.1096
800 47.8017
900 50
1000 54.037
1100 57.2189
1200 60.208
1300 63.1981
1400 67.1193
1500 70.1783
1600 73.0068
1700 76
1800 79.0063
1900 81.0555
2000 83.0241
2100 86.0233
2200 87.023
2300 88.0227
2400 90.0056
2500 92.4392
2600 92.4392
2700 94.4299
2800 96.421
2900 98.5089
3000 99.5038
100 12.6491
200 24.0416
300 30.3645
400 33.6155
500 36.7696
600 38.4838
700 41.4005
800 45.2769
900 49.0918
1000 52.2398
1100 57.3149
1200 63.7887
1300 67.082
1400 68.0661
1500 70.6116
1600 71.8471
1700 73.6817
1800 78.6384
1900 82.7345
2000 88.6848
2100 89.6772
2200 94.6414
2300 98.732
2400 101.71
2500 103.697
2600 107.671
2700 108.559
2800 110.653
2900 111.018
3000 112.294
100 14.5602
200 18.9737
300 24.3311
400 30.2655
500 33.2415
600 39.2046
700 40.3113
800 44.6542
900 48.0208
1000 48.8774
1100 50.774
1200 55.0818
1300 58.0775
1400 60.075
1500 64.0312
1600 65.521
1700 66.4906
1800 67.082
1900 69.1231
2000 71.8471
2100 73.8241
2200 78.0897
2300 79.0759
2400 81.0494
2500 82.0366
2600 82.2253
2700 84.5931
2800 85.6154
2900 85.6154
3000 86.3713
100 11.4018
200 19.9249
300 24.7386
400 29.0689
500 33.0606
600 41.0122
700 44.0114
800 45.0444
900 49.0102
1000 49.2037
1100 51.0392
1200 52.0865
1300 53.6004
1400 57.4891
1500 59.8415
1600 60.8276
1700 62.482
1800 64.846
1900 65.7343
2000 67.624
2100 70.0643
2200 73.0616
2300 75.6042
2400 78.2432
2500 83.0241
2600 84.0238
2700 88.0057
2800 90.0056
2900 93.0215
3000 94.0851
100 12.2066
200 21.6333
300 26.8701
400 33.3017
500 37.4833
600 40.2244
700 42.4382
800 44.6878
900 48.2701
1000 50.3289
1100 52.6972
1200 54.0833
1300 54.9181
1400 58.7963
1500 58.8982
1600 60.0083
1700 65
1800 65.3911
1900 66.2118
2000 69.3542
2100 72.0625
2200 75.06
2300 77.026
2400 79.0253
2500 80.025
2600 82.0244
2700 86.0523
2800 87.023
2900 87.1436
3000 90.0888
100 12.6491
200 20.8806
300 25.4951
400 30.6105
500 35.1283
600 38
700 41.3401
800 46.0435
900 48.0416
1000 50.1597
1100 57.0088
1200 66.0076
1300 67.1193
1400 69.1158
1500 72.111
1600 73.171
1700 74.1687
1800 79.1012
1900 82.1523
2000 86.1452
2100 88.459
2200 92.6553
2300 94.6414
2400 95.6347
2500 96.7471
2600 96.8762
2700 98.0051
2800 99.4082
2900 102.313
3000 102.313
100 17.2627
200 25.6125
300 28.4253
400 32.28
500 35.8469
600 41.1096
700 44.1022
800 48.0416
900 52.0865
1000 56.0803
1100 60.407
1200 63.2851
1300 65.2763
1400 67.3647
1500 68.3593
1600 70.5762
1700 72.3395
1800 74.1485
1900 77.2787
2000 80.4114
2100 81.7863
2200 83.0241
2300 85.9884
2400 86.977
2500 90.0944
2600 91.9837
2700 95.7079
2800 96.6902
2900 98.0612
3000 100.225
100 15.5242
200 24.5153
300 32.3883
400 37.2156
500 43.1045
600 45.3982
700 47.2652
800 50.8035
900 53.2353
1000 55.2268
1100 58.2151
1200 60.4401
1300 63.5689
1400 67.0671
1500 68.6222
1600 72.8011
1700 73.1642
1800 74.0945
1900 75.2396
2000 77.2334
2100 80.7775
2200 82.0792
2300 85.7963
2400 87.5957
2500 87.9204
2600 91.3893
2700 94.7048
2800 98.0867
2900 101.637
3000 101.637
100 14.3178
200 18.4391
300 23
400 27.074
500 32.0624
600 39.0128
700 42.0119
800 47.0956
900 49.0918
1000 53.0848
1100 57.0789
1200 61.0737
1300 64.0703
1400 66.0681
1500 70.0643
1600 71.0282
1700 73
1800 74.1485
1900 76.2955
2000 81.0247
2100 83.0963
2200 85.0235
2300 88.0227
2400 89.0056
2500 89.0056
2600 90.05
2700 91.0055
2800 93.0215
2900 94.0213
3000 94.7259
100 14.8661
200 20.3961
300 25.7099
400 31.0483
500 34.7131
600 40.6079
700 42.2966
800 43.4166
900 44.2832
1000 48.3735
1100 51.6624
1200 54.3415
1300 57.0701
1400 59.2284
1500 62.0967
1600 65.521
1700 66.7608
1800 70.0928
1900 70.6116
2000 72.3671
2100 73.7631
2200 76.6551
2300 78.848
2400 80.5233
2500 82.3772
2600 83.5464
2700 85.1587
2800 88.2836
2900 91.4112
3000 94.1488
100 15.2971
200 20.6155
300 28.4429
400 37.2156
500 41.1947
600 45.2769
700 51.0098
800 56.0089
900 64.0312
1000 69.029
1100 75.06
1200 79.0063
1300 80.0999
1400 80.3057
1500 83.2166
1600 89.2749
1700 91.351
1800 94.3398
1900 96.2549
2000 100.245
2100 102.24
2200 102.24
2300 103.697
2400 106.677
2500 108.665
2600 109.659
2700 109.895
2800 113.283
2900 114.127
3000 115.07
