100 13.9284
200 20.8806
300 25.4951
400 28.3019
500 31.0644
600 34.6699
700 41.0488
800 44.0454
900 47.8017
1000 50.3289
1100 53.1413
1200 55.9017
1300 57.4891
1400 61.8466
1500 64.0781
1600 68.7095
1700 70.5762
1800 72.8011
1900 75.3923
2000 77.6209
2100 79.4796
2200 83.2406
2300 84.4808
2400 85.8662
2500 87.2983
2600 91.0055
2700 95.1262
2800 97.0824
2900 97.9847
3000 100.285
3100 102.201
3200 103.446
3300 107.564
3400 110.86
3500 111.571
3600 114.726
3700 117.631
3800 120.304
3900 122.25
4000 123.693
100 17
200 22.4722
300 28.2312
400 38.0132
500 41.1461
600 46.0977
700 47.8853
800 50.2195
900 52.5547
1000 56.648
1100 57.5674
1200 61.4003
1300 64.1249
1400 67.1863
1500 73.171
1600 79.1012
1700 84.1487
1800 87.2812
1900 90.4489
2000 93.3809
2100 94.541
2200 97.4936
2300 98.3107
2400 98.4886
2500 102.421
2600 103.576
2700 106.705
2800 107.87
2900 110.027
3000 111.018
3100 113.137
3200 114.127
3300 115.974
3400 117.958
3500 120.071
3600 122.053
3700 124.31
3800 124.615
3900 125.782
4000 127.906
100 13
200 18.4391
300 23.2594
400 28.2843
500 33.0151
600 37.0135
700 37.6962
800 41.2311
900 45.3982
1000 48.3735
1100 51.8652
1200 54.7083
1300 57.2014
1400 58.6686
1500 60.6053
1600 64.6607
1700 67.2681
1800 69.814
1900 70.7672
2000 73.5935
2100 75.0733
2200 76.4199
2300 77.8332
2400 80.0562
2500 80.8084
2600 82.134
2700 83.8153
2800 86.0349
2900 87.5957
3000 90.7579
3100 93.9202
3200 96.4624
3300 98.6712
3400 99.2975
3500 99.2975
3600 102.46
3700 105.304
3800 106.569
3900 107.517
4000 110.368
100 16.1245
200 25.7099
300 28.8617
400 34.176
500 38.3275
600 43.4166
700 47.3814
800 50.9902
900 53.3667
1000 55.7136
1100 61.9839
1200 64.5136
1300 67.0522
1400 69.3758
1500 75.1864
1600 80.05
1700 84.4038
1800 88.5268
1900 91.0055
2000 91.9837
2100 96.5091
2200 98.656
2300 101.272
2400 102.961
2500 105.802
2600 108.78
2700 111.45
2800 112.446
2900 113.437
3000 114.586
3100 116.155
3200 118.152
3300 120.067
3400 122.037
3500 122.037
3600 123.004
3700 124.036
3800 125
3900 127.016
4000 128.035
100 13.4164
200 21.0238
300 26.0192
400 29.0172
500 36.0139
600 38.1182
700 40.1995
800 42.7551
900 47.1699
1000 51.1566
1100 52.0096
1200 54.037
1300 56.0803
1400 58.0345
1500 60.0083
1600 63.0079
1700 65.0077
1800 66.0076
1900 69.0072
2000 71.0634
2100 72.0625
2200 75.06
2300 77.0584
2400 78.4347
2500 79.3788
2600 79.3788
2700 82.0244
2800 84.1487
2900 86.122
3000 89.2693
3100 91.2195
3200 92.4175
3300 96.7729
3400 97.7446
3500 98.9545
3600 99.6895
3700 101.98
3800 102.591
3900 104.393
4000 105.38
100 15.5242
200 23.3452
300 31.0644
400 35.3836
500 39.6232
600 42.45
700 45.9674
800 51.6236
900 52.4023
1000 55.1543
1100 58
1200 60.959
1300 62.3699
1400 63.1269
1500 67.2681
1600 70.0357
1700 71.4493
1800 74.9667
1900 76.4199
2000 79.9312
2100 82.0731
2200 82.0731
2300 82.807
2400 85
2500 87.1149
2600 89.4986
2700 90.6091
2800 92.6553
2900 92.6553
3000 94.7629
3100 98.3107
3200 98.9949
3300 99.7046
3400 101.823
3500 103.947
3600 104.661
3700 106.832
3800 110.39
3900 113.899
4000 114.586
100 14.0357
200 22.4722
300 27.2029
400 33.8378
500 38.0789
600 43.9318
700 46.8722
800 52.7731
900 53.7587
1000 54.9181
1100 56.0892
1200 60.0167
1300 63.7887
1400 67.6018
1500 69.5845
1600 70.859
1700 73.3485
1800 73.3485
1900 74.9533
2000 75.3127
2100 76.9025
2200 80.2309
2300 83.1865
2400 85.703
2500 88.8426
2600 90.2552
2700 91.9837
2800 92.9624
2900 93.1719
3000 96.026
3100 98.0051
3200 99.8499
3300 99.8499
3400 101.966
3500 102.956
3600 104.235
3700 104.561
3800 106.532
3900 109.33
4000 109.49
100 15.5242
200 24.0208
300 31.0644
400 36.0139
500 42.107
600 46.2709
700 50.01
800 57
900 65.0077
1000 67.2681
1100 72.0069
1200 73.9797
1300 80.0625
1400 82.3772
1500 83.3607
1600 85.703
1700 91.0055
1800 93.9415
1900 98.7168
2000 100.896
2100 105.019
2200 108.171
2300 110.856
2400 112.058
2500 115.521
2600 117.085
2700 118.258
2800 122
2900 122.984
3000 125.132
3100 127.098
3200 129.437
3300 130.419
3400 131.4
3500 132.834
3600 134.347
3700 136.499
3800 137.674
3900 139.635
4000 142.972
100 16.1245
200 21.4009
300 26.8701
400 31.8277
500 38.2884
600 43.0116
700 49.93
800 54.2033
900 56.8595
1000 59.0762
1100 61.6117
1200 63.0079
1300 65.437
1400 67.8012
1500 69.4046
1600 71.6101
1700 73.6003
1800 74.8131
1900 78.8733
2000 83.2406
2100 86.2148
2200 89.0225
2300 93.0054
2400 93.8136
2500 94.8736
2600 97.0979
2700 99.5691
2800 101.242
2900 102.083
3000 103.774
3100 106.569
3200 106.569
3300 107.671
3400 109.554
3500 109.877
3600 111.544
3700 112.361
3800 113.635
3900 114.63
4000 117.209
100 11.1803
200 19.0263
300 23.7697
400 28.6356
500 33.1361
600 35.1283
700 37.054
800 42.0476
900 44.1814
1000 46.6905
1100 49.0306
1200 52.3927
1300 54.3415
1400 57.0701
1500 61
1600 62.9682
1700 66.2193
1800 66.9104
1900 68.6804
2000 71.3092
2100 77.6209
2200 82.4621
2300 83.4326
2400 89.2861
2500 92.1792
2600 93.6803
2700 95.5667
2800 99.2472
2900 103.078
3000 104.12
3100 105.65
3200 107.28
3300 109.417
3400 112.272
3500 115.135
3600 118.004
3700 121.165
3800 123.081
3900 123.968
4000 126.531
100 13.3417
200 20.5913
300 25.5539
400 29.0689
500 32.7567
600 34.4819
700 38.2753
800 39.0128
900 42.45
1000 45.9674
1100 48.9183
1200 53.9073
1300 56.0803
1400 58.4123
1500 62.426
1600 66.4831
1700 67.897
1800 68.593
1900 70.0071
2000 71.4213
2100 73.5527
2200 78.492
2300 82.134
2400 85.5628
2500 86.267
2600 90.5207
2700 91.9348
2800 92.7631
2900 95.5877
3000 99.0051
3100 99.0858
3200 99.7246
3300 100.499
3400 103.247
3500 104.69
3600 106.104
3700 108.19
3800 109.604
3900 113.217
4000 115.313
100 11
200 18.6815
300 22.561
400 28.1603
500 30.0832
600 35.4683
700 39.6611
800 48.7647
900 54.1202
1000 55.6597
1100 59.1354
1200 60.0167
1300 61.9839
1400 65.146
1500 68.9638
1600 70.406
1700 72.111
1800 75.5844
1900 77.4919
2000 83.5225
2100 88.8876
2200 91.7606
2300 92.3472
2400 95.3362
2500 97.2677
2600 98.2344
2700 100.285
2800 104.403
2900 107.564
3000 110.368
3100 111.319
3200 113.031
3300 116.181
3400 119.817
3500 121.277
3600 125.399
3700 128.32
3800 129.294
3900 131.7
4000 131.7
100 14.8661
200 21.8403
300 24.6982
400 29.5296
500 36.3456
600 39.8121
700 46.8722
800 51.4198
900 54.3415
1000 56.2939
1100 58.8558
1200 62.6498
1300 63.7887
1400 66.6108
1500 69.4622
1600 71.4493
1700 73.5527
1800 75.4255
1900 79.3095
2000 81.2219
2100 84.2912
2200 85.2115
2300 87.0057
2400 90.0056
2500 93.0054
2600 95.0053
2700 97.0052
2800 98.0051
2900 100.005
3000 104
3100 106.005
3200 109.005
3300 109.018
3400 111.005
3500 116.039
3600 116.108
3700 117.154
3800 118.152
3900 118.152
4000 120.15
100 12.1655
200 18.2483
300 23.7065
400 28.0713
500 32.6497
600 36
700 39.0128
800 41.0122
900 44.1814
1000 46.1736
1100 47.0956
1200 49.0918
1300 53.0094
1400 55.3173
1500 58.1378
1600 64.0312
1700 67.0671
1800 72.0069
1900 74.0068
2000 75.0067
2100 77.026
2200 79.0569
2300 82.0975
2400 84.0536
2500 88.0227
2600 90.0888
2700 91.0879
2800 92.1954
2900 95.2575
3000 96.2549
3100 97.4166
3200 98.4124
3300 101.4
3400 105.475
3500 106.569
3600 109.458
3700 109.895
3800 110.766
3900 111.45
4000 112.446
100 15
200 27.2947
300 32.249
400 40.1995
500 43.2897
600 48.1664
700 51.0882
800 57.0351
900 60.075
1000 64.0312
1100 67.0298
1200 68.1175
1300 69.2604
1400 74
1500 76.844
1600 78.7718
1700 83.4865
1800 86.1452
1900 88.1419
2000 90.824
2100 92.1141
2200 95.2733
2300 96.4624
2400 100.568
2500 104.043
2600 104.995
2700 106.569
2800 109.202
2900 110.164
3000 110.44
3100 114.285
3200 117.444
3300 120.333
3400 121.037
3500 121.754
3600 123.081
3700 125.634
3800 125.877
3900 127.13
4000 129.757
100 12.0416
200 17.2047
300 21.095
400 28.7924
500 35.9026
600 40.1622
700 41.4367
800 45.2769
900 48.1664
1000 53.1507
1100 55.1453
1200 59.4138
1300 61.2046
1400 66.2722
1500 68.2642
1600 73.0068
1700 76.0592
1800 79.0063
1900 83.1505
2000 86.209
2100 87.0919
2200 88.0909
2300 90.5539
2400 95.6347
2500 97.5141
2600 98.5089
2700 100.841
2800 102.956
2900 104.809
3000 108.342
3100 110.168
3200 112.178
3300 114.983
3400 114.983
3500 118.068
3600 120.354
3700 123.357
3800 124.338
3900 126.372
4000 127.816
100 11.6619
200 19.2354
300 23.0868
400 34.3657
500 38.833
600 43.566
700 46.5296
800 50.4876
900 55.4437
1000 59.3043
1100 63.3877
1200 67.3647
1300 69.4622
1400 71.5681
1500 74.027
1600 75.06
1700 78.0256
1800 82.0061
1900 84.0238
2000 85.0529
2100 89.0898
2200 94.0851
2300 97.0824
2400 99.1262
2500 103.121
2600 109.041
2700 111.072
2800 111.162
2900 115.07
3000 116.069
3100 119.151
3200 123.146
3300 124.101
3400 125.064
3500 127.063
3600 132.034
3700 133.034
3800 136.059
3900 139.014
4000 143.087
100 14
200 23.7697
300 28.4605
400 35.7351
500 40.025
600 42.2019
700 45.607
800 47.2969
900 51.1957
1000 52.1728
1100 54.9181
1200 58.0517
1300 59.8415
1400 63.9531
1500 66.0984
1600 69.0507
1700 70.0928
1800 71.5681
1900 75.5381
2000 76.1577
2100 78.5175
2200 81.4985
2300 81.8841
2400 82.8734
2500 86.7295
2600 86.7295
2700 89.6939
2800 91.9239
2900 93.7763
3000 95.6347
3100 98.5089
3200 102.396
3300 102.396
3400 103.697
3500 106.677
3600 109.659
3700 111.759
3800 114.634
3900 115.169
4000 117.987
100 13.6015
200 21.0238
300 25.02
400 28.4429
500 31.4006
600 36.1248
700 41.0488
800 46.0977
900 47.2652
1000 51.2445
1100 55.4437
1200 56.3205
1300 60.407
1400 63.6396
1500 69.5845
1600 73.5527
1700 75.4255
1800 78.5175
1900 81.7435
2000 81.7435
2100 84.7172
2200 87.5728
2300 89.3588
2400 92.3472
2500 95.3362
2600 99.1262
2700 101.178
2800 103.238
2900 109.293
3000 112.361
3100 116.349
3200 117.516
3300 117.516
3400 118.828
3500 120.702
3600 123.685
3700 124.579
3800 127.475
3900 128.472
4000 130.311
100 15.0333
200 20.2237
300 24.3311
400 29.8329
500 32.8938
600 36.0555
700 39.8121
800 41.7612
900 47.8539
1000 53.9351
1100 58.0517
1200 62.1691
1300 67.4685
1400 72.1803
1500 73.1642
1600 76.1577
1700 77.2787
1800 79.404
1900 82.0975
2000 87.0057
2100 89.0056
2200 91
2300 93.0215
2400 97.0052
2500 98.0204
2600 99.0202
2700 101.02
2800 102.02
2900 103.019
3000 104.043
3100 104.077
3200 107.117
3300 111.162
3400 113.283
3500 115.352
3600 117.154
3700 120.104
3800 122.102
3900 123.102
4000 124.101
100 13.1529
200 19.7231
300 27.7308
400 32.2025
500 35.8469
600 41
700 42.9535
800 45.8912
900 47.8539
1000 51.9711
1100 55.109
1200 58.0517
1300 60.8276
1400 61.8142
1500 62.9682
1600 64.7765
1700 67.7422
1800 70.7107
1900 75.9539
2000 75.9539
2100 80.8084
2200 84.9294
2300 91.7824
2400 92.7631
2500 93.7443
2600 95.7079
2700 99.4636
2800 101.607
2900 103.247
3000 104.235
3100 104.393
3200 106.888
3300 108.259
3400 110.218
3500 110.218
3600 112.588
3700 115.117
3800 116.966
3900 117.958
4000 118.95
100 13.4164
200 23.0217
300 28.0713
400 34.1321
500 38.1182
600 41.1096
700 44.0454
800 49.2544
900 53.3385
1000 56.2228
1100 58.2151
1200 61.2046
1300 65.2763
1400 71.2531
1500 73.0616
1600 76.1052
1700 79.1012
1800 84.0536
1900 87.0919
2000 90.05
2100 91.0055
2200 92.0489
2300 95.0474
2400 96.0469
2500 98.0459
2600 99.0202
2700 102.078
2800 103.044
2900 105.043
3000 106.042
3100 108.074
3200 109.165
3300 109.225
3400 110.114
3500 111.162
3600 112.161
3700 114.07
3800 115.07
3900 118.038
4000 120.037
100 15.1327
200 26.1725
300 32.1403
400 35.2278
500 42.4264
600 44.643
700 47.4342
800 49.3964
900 53.7122
1000 58.6941
1100 61.7414
1200 63.0714
1300 67.082
1400 68.942
1500 70.6824
1600 74.3236
1700 78
1800 79.3095
1900 81.1542
2000 85.235
2100 86.1626
2200 89.3197
2300 89.6939
2400 91.5478
2500 96.3846
2600 99.96
2700 101.843
2800 102.786
2900 103.73
3000 106.042
3100 107.005
3200 108.669
3300 109.895
3400 110.44
3500 114.543
3600 116.709
3700 116.927
3800 119.641
3900 121.598
4000 125.132
100 13.4164
200 21.8403
300 30.3645
400 34.2053
500 36
600 39.0512
700 42.2966
800 45.3982
900 49.6488
1000 56.7186
1100 59.6825
1200 63.7887
1300 67.3647
1400 68.3593
1500 71.3442
1600 72.5603
1700 73.3348
1800 75.326
1900 77.4145
2000 79.3095
2100 80.5047
2200 83.4865
2300 86.5794
2400 90.6697
2500 92.4392
2600 93.2631
2700 94.3398
2800 98.0816
2900 100.08
3000 102.181
3100 104.924
3200 107.378
3300 108.747
3400 111.893
3500 114.127
3600 117.784
3700 120.017
3800 123.693
3900 125.801
4000 127.236
100 16.2788
200 22.2036
300 26.1725
400 32.3883
500 35.0143
600 40
700 43.1045
800 48.0104
900 51.0098
1000 55.0091
1100 58.0345
1200 63.2851
1300 67.3647
1400 68.469
1500 72.0069
1600 75.3127
1700 77.4661
1800 78.2624
1900 78.7718
2000 81.8841
2100 82.9699
2200 84.8999
2300 85.44
2400 88.8144
2500 90.802
2600 93.6803
2700 97.5295
2800 97.5295
2900 98.2344
3000 100.17
3100 101.966
3200 107.201
3300 111.463
3400 112.45
3500 116.559
3600 119.365
3700 120.354
3800 121.495
3900 122.483
4000 123.628
100 15.8114
200 29.2746
300 34.0147
400 38.0526
500 44.0114
600 45.0111
700 48.1664
800 51.0882
900 57.2014
1000 62.6259
1100 68.2495
1200 71.4003
1300 74.411
1400 77.2334
1500 80.6598
1600 83.4865
1700 85.703
1800 87.1149
1900 90.6035
2000 93.2363
2100 96.2133
2200 99.2975
2300 104.848
2400 104.848
2500 107.07
2600 108.453
2700 110.454
2800 113.018
2900 114.39
3000 115.763
3100 119.281
3200 120.673
3300 121.495
3400 123.709
3500 126.606
3600 128.406
3700 130.633
3800 131.469
3900 132.439
4000 132.91
100 13.1529
200 21.2132
300 24.2074
400 28.4605
500 33.8378
600 39.8497
700 42.72
800 44.911
900 49.366
1000 54.5711
1100 58.6941
1200 58.6941
1300 60.208
1400 62.0967
1500 66.4831
1600 68.1542
1700 70.1783
1800 73.3485
1900 77.3175
2000 79.3095
2100 82.3893
2200 85.2877
2300 88.3629
2400 90.1998
2500 90.1998
2600 91.444
2700 94.1913
2800 97.3242
2900 97.7394
3000 100.975
3100 101.833
3200 104.738
3300 104.924
3400 107.355
3500 108.904
3600 110.318
3700 113.283
3800 114.272
3900 114.425
4000 115.412
100 20.025
200 28.0179
300 31.4006
400 33.3766
500 35.5106
600 38.6264
700 40.4969
800 42.9535
900 43.9318
1000 46.0977
1100 52.3927
1200 54.1295
1300 57.5674
1400 59.4811
1500 62.3618
1600 63.5059
1700 65.521
1800 68.469
1900 71.8053
2000 74.7329
2100 77.666
2200 77.8781
2300 79.0759
2400 81.0494
2500 82.8734
2600 83.7257
2700 85.7088
2800 87.8237
2900 89.9444
3000 90.7965
3100 93.771
3200 94.6414
3300 95.6347
3400 98.0306
3500 100.881
3600 102.142
3700 104.355
3800 105.948
3900 105.948
4000 106.902
100 13.4164
200 21.6333
300 27.4591
400 31.305
500 37.1214
600 39.4588
700 42.0119
800 47
900 51.0098
1000 54.0093
1100 56.0089
1200 59
1300 60
1400 63.1269
1500 65.3758
1600 68.3593
1700 70.1783
1800 71.2531
1900 74.2428
2000 77.3175
2100 81.3941
2200 82.7345
2300 85.7088
2400 88.5664
2500 89.8053
2600 92.9139
2700 93.9042
2800 94.8947
2900 94.8947
3000 95.8853
3100 96.5194
3200 98.1835
3300 99.1817
3400 101.316
3500 102.313
3600 104.307
3700 106.066
3800 106.367
3900 107.168
4000 109.165
100 13.6015
200 22.2036
300 28.1603
400 32.249
500 35.6931
600 39.2938
700 43.1741
800 46.6905
900 51.1957
1000 53.1507
1100 57.8705
1200 63.9531
1300 66.0984
1400 68.884
1500 71.0211
1600 71.1969
1700 73.5459
1800 75.5381
1900 77.1038
2000 78.9177
2100 80.0625
2200 82.7345
2300 85.8429
2400 86.977
2500 89.1067
2600 91.0824
2700 95.0368
2800 96.026
2900 97.8621
3000 100.807
3100 102.961
3200 104.924
3300 107.079
3400 109.444
3500 111.4
3600 111.987
3700 114.272
3800 115.261
3900 116.927
4000 118.377
100 14.0357
200 23.0217
300 28
400 32.3883
500 37.2156
600 43
700 48
800 54.037
900 59.0762
1000 61.2944
1100 64.0703
1200 65.2763
1300 71.1126
1400 72.111
1500 75.1066
1600 78
1700 81.0062
1800 83
1900 84.0952
2000 87.0919
2100 89.0898
2200 92.0869
2300 95.1315
2400 99.0202
2500 99.1262
2600 103.078
2700 104.12
2800 106.118
2900 107.299
3000 109.115
3100 109.115
3200 109.293
3300 111.018
3400 112.009
3500 113
3600 113.991
3700 114.158
3800 115.317
3900 119.436
4000 122.577
100 14.3178
200 20.2485
300 25.0799
400 31.7648
500 36.3593
600 38.5876
700 39.6989
800 44.2041
900 46.6905
1000 49.6488
1100 52.3259
1200 58.258
1300 64.1405
1400 65.5134
1500 66.888
1600 70.0928
1700 73.4983
1800 76.3806
1900 80.0562
2000 82.9759
2100 87.2067
2200 90.9065
2300 94.2603
2400 95.4254
2500 95.483
2600 98.4124
2700 99.5691
2800 102.903
2900 104.661
3000 107.075
3100 109.622
3200 110.114
3300 111.252
3400 111.252
3500 112.414
3600 113.225
3700 115.434
3800 115.434
3900 115.434
4000 116.211
100 14.1421
200 23.5372
300 32.9848
400 38.2753
500 47.2969
600 50.8035
700 55.7853
800 57.7235
900 60
1000 61
1100 70.0071
1200 72.0069
1300 75.1066
1400 78.0577
1500 82.0244
1600 85.0235
1700 87.023
1800 90.05
1900 93
2000 94.0851
2100 97.0052
2200 99.0202
2300 100.02
2400 101.045
2500 103
2600 104
2700 105.076
2800 108.116
2900 109.115
3000 112.004
3100 114.004
3200 116.004
3300 118.017
3400 120.037
3500 121.037
3600 121.037
3700 125.036
3800 125.036
3900 126.036
4000 129.035
100 12.8062
200 19.2094
300 26.9258
400 31.6228
500 33.6155
600 38.2884
700 44.5533
800 48.2701
900 50.3289
1000 51.8556
1100 56.8595
1200 58.2495
1300 59.4054
1400 61.5224
1500 67.8823
1600 68.6804
1700 74.411
1800 78.1025
1900 79.0253
2000 82.0366
2100 84.8646
2200 86.3134
2300 88.459
2400 91.2195
2500 93.6056
2600 99.0202
2700 99.905
2800 99.905
2900 102.201
3000 103.6
3100 105
3200 106.775
3300 108.904
3400 109.622
3500 110.345
3600 110.982
3700 115.434
3800 116.97
3900 118.701
4000 119.954
100 13.8924
200 22.8035
300 31.7805
400 37.855
500 41.2311
600 48.7647
700 54.1202
800 57.2451
900 59.4643
1000 63.6946
1100 68.1542
1200 72.8011
1300 75.71
1400 77.8781
1500 81.2712
1600 83.8153
1700 85.703
1800 86.885
1900 88.8426
2000 91.0055
2100 93.2309
2200 96.5401
2300 97.5141
2400 99.6895
2500 102.181
2600 106.301
2700 108.06
2800 109.041
2900 110.476
3000 111.629
3100 115.412
3200 116.4
3300 118.697
3400 120.071
3500 122
3600 125.028
3700 127.012
3800 129.988
3900 130.115
4000 131.24
100 12.3693
200 20.6155
300 27.2029
400 32.7567
500 38.0789
600 41.5933
700 44.2945
800 47.4131
900 50.5371
1000 53.3385
1100 55.9464
1200 57.8014
1300 60.803
1400 66.8506
1500 68.2422
1600 70.4344
1700 73.5731
1800 76.3217
1900 81.4923
2000 85.4751
2100 89.0674
2200 91.3017
2300 91.9239
2400 96.8969
2500 96.8969
2600 98.9798
2700 102.396
2800 105.816
2900 106.677
3000 109.275
3100 112.004
3200 112.872
3300 114.739
3400 116.108
3500 117.618
3600 119.854
3700 121.742
3800 122.642
3900 123.438
4000 123.438
100 13.4536
200 20.2485
300 26.4008
400 32.0156
500 36.4005
600 37.1214
700 39.2046
800 43.0116
900 51.3517
1000 52.6118
1100 54.7449
1200 58.0517
1300 59.0339
1400 61.1882
1500 62.1691
1600 65.307
1700 67.9117
1800 70.342
1900 72.3671
2000 74.1485
2100 75.1332
2200 77.6209
2300 82.7103
2400 84.4038
2500 85.8662
2600 87.3212
2700 89.2693
2800 92.1954
2900 94.3663
3000 95.5667
3100 100.896
3200 103.078
3300 106.48
3400 108.24
3500 111.126
3600 112.089
3700 113.323
3800 114.285
3900 116.211
4000 119.218
100 13.0384
200 21
300 26.0192
400 33.0606
500 38.4708
600 42
700 47.0744
800 50.6952
900 54.4518
1000 56.3205
1100 59.3043
1200 60.2993
1300 63.8905
1400 68.0074
1500 69.3542
1600 71.2531
1700 73.4098
1800 76.0592
1900 79.2023
2000 81.0247
2100 81.939
2200 82.7647
2300 84.0952
2400 86.7006
2500 89.8053
2600 91.6624
2700 94.5304
2800 94.7629
2900 96.2549
3000 97.3293
3100 99.3227
3200 101.494
3300 102.396
3400 104.48
3500 104.48
3600 105.233
3700 110.164
3800 111.072
3900 113.111
4000 113.111
100 13.6015
200 24.0208
300 32.0624
400 36.2215
500 39.1152
600 45.0111
700 47.0425
800 47.1699
900 52.0096
1000 57.0088
1100 57.0789
1200 59.0085
1300 62.0725
1400 63.0714
1500 65.0308
1600 66.1211
1700 68.2642
1800 71.4703
1900 72.1734
2000 74.3303
2100 76.243
2200 79.0569
2300 81.0987
2400 81.0987
2500 87.1436
2600 89.4539
2700 90.4489
2800 92.4392
2900 93.4345
3000 93.4345
3100 94.0479
3200 95.0211
3300 98.2497
3400 99.2472
3500 102.122
3600 105.171
3700 107.229
3800 108.296
3900 112.285
4000 112.285
100 13.1529
200 19.6469
300 27.5136
400 36
500 39.0128
600 45.0444
700 50.0899
800 54.3323
900 57.7062
1000 59.8415
1100 61.8142
1200 66.0984
1300 68.0661
1400 69.2315
1500 72.111
1600 74.3303
1700 76.1052
1800 78.3135
1900 81.0432
2000 82.7103
2100 84.1724
2200 86.1452
2300 89.1067
2400 91.4112
2500 94.0479
2600 97.0155
2700 97.1648
2800 101.272
2900 103.755
3000 105.323
3100 106.733
3200 109.772
3300 111.571
3400 112.539
3500 114.477
3600 116.662
3700 117.631
3800 118.6
3900 119.817
4000 119.817
100 12.083
200 18.0278
300 23.3452
400 27.2029
500 32.2025
600 34.0147
700 37.2156
800 43.909
900 49.4065
1000 51.1077
1100 54.0833
1200 55.4707
1300 57.9828
1400 60.208
1500 64.8999
1600 69.1158
1700 71.1969
1800 76.922
1900 82.7345
2000 84.0773
2100 84.534
2200 85.235
2300 85.4751
2400 88.1192
2500 92.0272
2600 94.2444
2700 97.0824
2800 99.2975
2900 99.6243
3000 99.96
3100 101.843
3200 102.181
3300 105.688
3400 108.503
3500 111.126
3600 112.792
3700 112.792
3800 116.662
3900 121.277
4000 121.754
100 14.3178
200 22.561
300 31.1448
400 38.2099
500 41.9762
600 43.9318
700 49.8197
800 55.5428
900 59.439
1000 61.6847
1100 65.146
1200 67.4463
1300 69.6419
1400 73.3894
1500 76.2168
1600 79.712
1700 81.7068
1800 82.6378
1900 84.5281
2000 85.8836
2100 88.1192
2200 89.493
2300 92.6553
2400 95.7706
2500 99.7296
2600 103.315
2700 106.024
2800 108.227
2900 111.36
3000 114.965
3100 116.297
3200 117.631
3300 121.248
3400 121.742
3500 122.156
3600 122.654
3700 123.434
3800 124.776
3900 127.012
4000 127.012
100 13
200 19.6469
300 24.7386
400 28.6356
500 35.2278
600 37.4833
700 42.19
800 43.909
900 45
1000 51
1100 55.4707
1200 56.8243
1300 60.4401
1400 65.8027
1500 70.4344
1600 71.0634
1700 73.8783
1800 79.0253
1900 81.0555
2000 81.6884
2100 83.0963
2200 83.6301
2300 88.459
2400 90.6091
2500 91.9348
2600 94.7945
2700 96.9381
2800 96.9381
2900 99.1564
3000 100.767
3100 101.823
3200 105.19
3300 105.19
3400 108.337
3500 111.086
3600 112.401
3700 115.156
3800 115.551
3900 118.186
4000 119.101
100 12.6491
200 21.2132
300 26.4764
400 33.0606
500 35.8469
600 39.9625
700 43.909
800 45.793
900 48.5489
1000 50.8035
1100 55.7315
1200 59.3043
1300 62.2013
1400 65.192
1500 66.1891
1600 68.1836
1700 68.1836
1800 70.1142
1900 71.1126
2000 72.3395
2100 74.1687
2200 75.1665
2300 78.1601
2400 81.1542
2500 83.1505
2600 84.1487
2700 87.0919
2800 89.0898
2900 91.0879
3000 95.0842
3100 97.1854
3200 100.245
3300 100.245
3400 100.245
3500 101.4
3600 103.484
3700 104.547
3800 105.513
3900 106.963
4000 107.564
100 13.8924
200 18.7883
300 24.6982
400 31.6228
500 34.2053
600 42.2019
700 45.1221
800 49.8197
900 53.9351
1000 55.5428
1100 60.8769
1200 65.7343
1300 68.884
1400 68.884
1500 73.2462
1600 74.4648
1700 76.6551
1800 79.3095
1900 79.555
2000 81.4923
2100 82.4621
2200 84.4808
2300 86.122
2400 90.7579
2500 92.9731
2600 96.2081
2700 97.3088
2800 100.846
2900 101.39
3000 103.368
3100 104.547
3200 105.095
3300 106.888
3400 107.787
3500 108.688
3600 110.023
3700 110.023
3800 110.91
3900 112.272
4000 112.712
100 16.2788
200 22.3607
300 27.5136
400 33.2415
500 36.8782
600 41.4849
700 45.5412
800 49.4975
900 53.4603
1000 55.5788
1100 60.407
1200 66.0681
1300 69.2604
1400 73.2462
1500 74.3303
1600 75.4255
1700 79.1012
1800 84.0536
1900 85
2000 87.0517
2100 91.022
2200 93.0215
2300 96.0469
2400 96.1301
2500 99.1262
2600 101.242
2700 103.238
2800 105.233
2900 109.371
3000 114.215
3100 115.213
3200 116.211
3300 118.207
3400 121.334
3500 124.487
3600 125.674
3700 125.674
3800 126.775
3900 127.664
4000 129.757
100 17.2047
200 25.9615
300 31.0483
400 40.7922
500 43.2897
600 47.0106
700 50.04
800 54.0093
900 57.2189
1000 58.2151
1100 61.4003
1200 62.3939
1300 65.307
1400 69.2604
1500 69.2604
1600 71.7008
1700 73.3348
1800 75.326
1900 76.3217
2000 77.3175
2100 78.3135
2200 80.3057
2300 82.2982
2400 82.8613
2500 84.119
2600 85.2877
2700 86.4696
2800 87.0517
2900 88.459
3000 95.1893
3100 95.352
3200 97.3242
3300 97.8673
3400 101
3500 103.368
3600 103.586
3700 106.099
3800 107.49
3900 110.218
4000 111.987
100 13.8924
200 20.1246
300 25.4951
400 31.0644
500 38.3275
600 40.1995
700 46.2709
800 49.0306
900 52.3927
1000 57.0701
1100 59.439
1200 62.3699
1300 63.7887
1400 65.5134
1500 67.2681
1600 70.0357
1700 72.0069
1800 76.7919
1900 78.6384
2000 78.7718
2100 79.7621
2200 82.0975
2300 85.0529
2400 88.0511
2500 90.0222
2600 93
2700 95
2800 97.0206
2900 97.0206
3000 98.0816
3100 99.1817
3200 100.18
3300 100.464
3400 102.176
3500 105.076
3600 108.074
3700 109.165
3800 109.165
3900 110.055
4000 111.041
100 15.1327
200 21.5407
300 27.313
400 34.4384
500 37.1618
600 42.1545
700 46.4866
800 51.2445
900 52.8867
1000 57.4891
1100 62.3699
1200 67.082
1300 69.8713
1400 70.7107
1500 73.0068
1600 73.9797
1700 77.3175
1800 78.3135
1900 82.4924
2000 82.9759
2100 83.9524
2200 87.0976
2300 90.802
2400 95.3415
2500 98.7168
2600 100.17
2700 101.415
2800 102.616
2900 104.809
3000 105.773
3100 111.198
3200 113.159
3300 113.772
3400 114.543
3500 115.122
3600 117.277
3700 120.221
3800 120.221
3900 123.167
4000 125.132
100 14.1421
200 23.3452
300 32.0156
400 36.1386
500 44.2832
600 45.3982
700 49.2544
800 52.2398
900 53.2353
1000 56.1427
1100 58.2151
1200 61.2046
1300 62.1289
1400 64.0312
1500 66.0303
1600 69.857
1700 72.0347
1800 74.0945
1900 75.3923
2000 75.3923
2100 82.0792
2200 84.8646
2300 85.7963
2400 87.3155
2500 89.9611
2600 93.6216
2700 94.0213
2800 95.8541
2900 97.17
3000 97.5756
3100 99.8098
3200 100.319
3300 101.237
3400 103.368
3500 103.368
3600 107.075
3700 107.117
3800 108.019
3900 110.164
4000 113.159
100 17.72
200 23.4094
300 30.0832
400 35.6931
500 41.3038
600 42.9535
700 45.1221
800 47.0106
900 51.0098
1000 52.0096
1100 54.0093
1200 56.0089
1300 59.5399
1400 62.8013
1500 65.4905
1600 68.0661
1700 69.1158
1800 72.0278
1900 75.71
2000 77.3692
2100 79.4292
2200 79.6241
2300 83.1865
2400 85.8429
2500 86.8332
2600 88.1192
2700 90.5539
2800 94.5304
2900 95.6347
3000 98.4124
3100 101.4
3200 103.484
3300 105.475
3400 107.466
3500 108.462
3600 108.462
3700 113.635
3800 114.739
3900 114.739
4000 115.732
100 11.0454
200 18.1108
300 26.0192
400 30
500 35.1283
600 37.3363
700 42.4264
800 49.0306
900 53.1507
1000 54.9181
1100 55.3624
1200 58.1893
1300 62.0322
1400 64.2573
1500 67.897
1600 71.1688
1700 72.8011
1800 76.5506
1900 77.4919
2000 79.1202
2100 82.8734
2200 83.8153
2300 85.0941
2400 86.3771
2500 87.9204
2600 90.7579
2700 94.8683
2800 95.5092
2900 98.0306
3000 98.3514
3100 103.121
3200 104.676
3300 105.688
3400 106.254
3500 108.467
3600 109.417
3700 111
3800 113.217
3900 113.53
4000 116.692
100 15.5242
200 22.8254
300 25.1794
400 27.2947
500 31.257
600 34.1321
700 37.1214
800 42.9535
900 47.0106
1000 49.3356
1100 52
1200 56.0803
1300 56.4624
1400 60.208
1500 62.2896
1600 64.3273
1700 66.0681
1800 66.6108
1900 68.593
2000 72.0069
2100 73.0274
2200 74.027
2300 74.1687
2400 76
2500 77.026
2600 82.0244
2700 84.0238
2800 86.0058
2900 89.0056
3000 89.0056
3100 93
3200 94
3300 96.0052
3400 100.005
3500 101.02
3600 105.043
3700 108.116
3800 110.223
3900 112.112
4000 113.071
100 13.3417
200 23.1948
300 25.1794
400 31
500 36.0139
600 46
700 50
800 53.0094
900 56.0357
1000 60.208
1100 63.1981
1200 67.3647
1300 69.7209
1400 71.7008
1500 72.5603
1600 74.1485
1700 78.1025
1800 79.8311
1900 81.0247
2000 81.3941
2100 84.8999
2200 86.8332
2300 91.0824
2400 93.3006
2500 94.578
2600 97.1442
2700 98.6813
2800 101.514
2900 103.407
3000 103.73
3100 105.948
3200 107.224
3300 108.784
3400 110.982
3500 113.842
3600 114.481
3700 116.73
3800 116.73
3900 117.631
4000 118.596
100 16.0312
200 21.587
300 27.0185
400 28.0713
500 32.1403
600 39.0512
700 40.3113
800 43.2897
900 47.0956
1000 50.0899
1100 51.0882
1200 53.2353
1300 56.0803
1400 58.0086
1500 59.2115
1600 61.0082
1700 65.0077
1800 68.0074
1900 73.0616
2000 75.0067
2100 76.1052
2200 79.1581
2300 82.1523
2400 83.2166
2500 85.2115
2600 87.1436
2700 87.1436
2800 89.0898
2900 90.0888
3000 92.0489
3100 93.1075
3200 95.462
3300 98.2344
3400 100.319
3500 101.637
3600 102.552
3700 107.154
3800 108.079
3900 109.005
4000 110.494
100 14.8661
200 18.1108
300 24.0208
400 29.0689
500 37.0135
600 40.0125
700 42.2966
800 46.2709
900 47.2969
1000 51.6624
1100 52.6308
1200 54.8179
1300 61
1400 64.1327
1500 69.4262
1600 72.3671
1700 76.4853
1800 78.4474
1900 81.3941
2000 82.5651
2100 83.9524
2200 84.6463
2300 87.5728
2400 92.6553
2500 98.6154
2600 103.586
2700 106.569
2800 108.559
2900 110.887
3000 111.158
3100 111.759
3200 113.864
3300 117.835
3400 120.814
3500 121.062
3600 124.788
3700 124.788
3800 125.897
3900 127.883
4000 127.883
100 15.1327
200 20.6155
300 23.4094
400 28.3019
500 33.2415
600 38.833
700 42.0595
800 47.2969
900 50.448
1000 53.8516
1100 55.3173
1200 58.6941
1300 63.0635
1400 64.5368
1500 68.884
1600 71.0634
1700 72.5328
1800 74.4648
1900 78.339
2000 80.0812
2100 81.0432
2200 83.9345
2300 87.5557
2400 89.9889
2500 91.2195
2600 97.2934
2700 100.439
2800 102.611
2900 104.547
3000 106.513
3100 107.201
3200 110.168
3300 112.147
3400 114.856
3500 116.842
3600 118.95
3700 119.821
3800 121.807
3900 124.197
4000 129.248
100 14.1421
200 18.7883
300 22.4722
400 26.6833
500 29.8329
600 34.3657
700 35.3553
800 39.9625
900 43.0465
1000 43.566
1100 46.1411
1200 49.93
1300 52.4786
1400 54.2033
1500 58.0086
1600 60.6053
1700 64.2028
1800 65.437
1900 68.0074
2000 69.6348
2100 73.9256
2200 76.5376
2300 78.0577
2400 80.0562
2500 82.0549
2600 86.0233
2700 88.0511
2800 90.1998
2900 91.7061
3000 94.3663
3100 96.6023
3200 98.4886
3300 102.421
3400 105.095
3500 106.888
3600 109.59
3700 112.308
3800 113.217
3900 114.127
4000 116.245
100 16.4924
200 22.0227
300 27.8927
400 32
500 33.541
600 37.5766
700 39.9249
800 45.5412
900 48.0833
1000 52.3927
1100 54.8179
1200 55.3624
1300 61.1882
1400 65.9242
1500 68.884
1600 74.6726
1700 79.2465
1800 82.5651
1900 84.0119
2000 86.8332
2100 86.977
2200 87.0976
2300 92.7793
2400 97.7394
2500 100.975
2600 101.833
2700 104.087
2800 106.066
2900 111.018
3000 114.127
3100 115.117
3200 120.507
3300 122.483
3400 127.738
3500 131.685
3600 134.648
3700 135.636
3800 135.915
3900 137.102
4000 138.755
100 12.3693
200 22.1359
300 29.2746
400 35.0143
500 37.0135
600 41.3038
700 46.0109
800 50.01
900 55.0364
1000 58.0086
1100 62.0322
1200 65.0692
1300 70.0643
1400 70.1142
1500 72.0069
1600 74.1687
1700 76.2365
1800 77.6466
1900 79.1012
2000 80.0999
2100 83.5464
2200 86.6833
2300 88.8426
2400 94.7259
2500 98.8433
2600 98.8433
2700 99.6393
2800 101.203
2900 102.961
3000 103.755
3100 105.076
3200 108.503
3300 111.803
3400 112.45
3500 113.437
3600 114.425
3700 116.103
3800 117.478
3900 120.416
4000 121.807
100 19.6469
200 26.4008
300 30.5287
400 37.2156
500 42.5441
600 47.7074
700 51.8652
800 54.5619
900 55.4437
1000 58.7963
1100 60.1082
1200 64.3506
1300 65.7951
1400 68.6804
1500 71.8053
1600 74.2765
1700 78.8543
1800 81.0247
1900 84.6463
2000 88.0909
2100 88.8651
2200 92.0054
2300 94.1488
2400 97.0824
2500 102.181
2600 105.323
2700 106.513
2800 106.513
2900 107.935
3000 108.908
3100 111.324
3200 111.83
3300 115.521
3400 116.181
3500 117.516
3600 119.641
3700 120.83
3800 122.25
3900 124.483
4000 125.929
100 14.1421
200 19.2094
300 27.1662
400 32.0624
500 36.0139
600 42
700 49.0102
800 54.0093
900 57.0789
1000 60.075
1100 65.0692
1200 68.1836
1300 69.1809
1400 70.5762
1500 75.8024
1600 81.0494
1700 83.0241
1800 83.0241
1900 84.3445
2000 85.8429
2100 89.6772
2200 90.7965
2300 92.7793
2400 95.8853
2500 95.8853
2600 99.5038
2700 102.591
2800 103.947
2900 104.809
3000 105.802
3100 108.853
3200 110.82
3300 111.987
3400 114.425
3500 114.756
3600 115.732
3700 116.709
3800 120.839
3900 122.984
4000 123.968
100 14.5602
200 23.3238
300 28.178
400 32.45
500 35
600 39.6989
700 41.2311
800 44.6878
900 47.634
1000 51.4004
1100 53.4509
1200 58.0517
1300 61.5549
1400 65.0538
1500 66.4831
1600 71.5681
1700 75.1864
1800 76.9025
1900 81.2527
2000 82.7103
2100 85.3756
2200 88.7694
2300 89.4986
2400 93.3916
2500 94.5939
2600 95.901
2700 98.7168
2800 99.6895
2900 101.651
3000 103.16
3100 105.081
3200 105.773
3300 107.703
3400 108.416
3500 108.931
3600 112.089
3700 114.018
3800 114.285
3900 114.983
4000 116.76
100 13.9284
200 20.6155
300 29.1204
400 32.7567
500 35.6931
600 37.4833
700 39.6232
800 43.8292
900 49.4065
1000 53.4135
1100 56.6392
1200 59.4054
1300 62.8013
1400 64.6607
1500 67.0075
1600 68.4105
1700 72.1249
1800 77.1622
1900 80.7775
2000 83.2166
2100 86.6487
2200 87.5957
2300 89.493
2400 91.7061
2500 93.5201
2600 93.9149
2700 95.0789
2800 97.1236
2900 99.3277
3000 102.201
3100 103.16
3200 103.16
3300 104.12
3400 105.361
3500 108.227
3600 109.417
3700 115.039
3800 116.039
3900 117.107
4000 119.004
100 12.1655
200 21.095
300 29.2062
400 34.4093
500 37.7359
600 42.0476
700 45.6946
800 47.8853
900 51.8941
1000 53.6656
1100 55.0364
1200 57.2713
1300 59.9333
1400 62.6498
1500 63.7809
1600 65.5515
1700 69.6419
1800 70.5762
1900 74.0945
2000 76.6942
2100 78.5493
2200 80.2309
2300 84.1546
2400 85.44
2500 87.0919
2600 87.0919
2700 91.0824
2800 94.5569
2900 94.5569
3000 96.1353
3100 99.93
3200 105.304
3300 106.254
3400 107.517
3500 109.895
3600 111.826
3700 114.285
3800 119.105
3900 122.262
4000 124.908
100 15.1327
200 21.587
300 24.0832
400 27.8927
500 32.7567
600 36.7151
700 39.8497
800 42.0476
900 47.0425
1000 49.2544
1100 52.469
1200 56.2228
1300 58.3095
1400 59.2115
1500 62.8013
1600 65.6201
1700 66.4831
1800 67.4759
1900 71.3442
2000 75.326
2100 77.4145
2200 78.3135
2300 81.4985
2400 84.5931
2500 85.5862
2600 87.0057
2700 88.955
2800 90.934
2900 94.2019
3000 97.0155
3100 97.1648
3200 99.985
3300 100.13
3400 101.272
3500 102.313
3600 106.231
3700 108.227
3800 114.28
3900 114.355
4000 116.43
100 15
200 21.2132
300 30.2655
400 36.2215
500 41.4849
600 46.8402
700 49.2443
800 52.2015
900 53.1507
1000 55.0818
1100 56.3205
1200 57.8705
1300 61.4003
1400 64.6297
1500 66.9104
1600 67.7422
1700 72.0347
1800 76.4003
1900 79.0759
2000 81.0247
2100 82.9759
2200 84.1724
2300 86.885
2400 88.8426
2500 91.4112
2600 92.228
2700 94.0479
2800 96.421
2900 100.319
3000 101.242
3100 102.176
3200 102.176
3300 102.489
3400 104.173
3500 104.173
3600 108.116
3700 112.018
3800 115.039
3900 121.066
4000 123.037
100 13.4164
200 20.0998
300 25.0799
400 29.2746
500 33.2415
600 38.3275
700 40.7922
800 41.9762
900 47.0106
1000 47.0106
1100 49.0102
1200 51
1300 52.1536
1400 55.7584
1500 57.1402
1600 61.0983
1700 62.7694
1800 64.0781
1900 65.7951
2000 67.624
2100 70.7107
2200 72.4707
2300 76.5376
2400 77.4145
2500 78.2624
2600 80.4984
2700 81.3941
2800 83.2166
2900 84.7585
3000 85.703
3100 89.493
3200 89.493
3300 91.0934
3400 92.0489
3500 92.0489
3600 93.771
3700 95.6347
3800 99.4082
3900 99.6092
4000 101.597
100 14.3178
200 22.3607
300 26.6833
400 29.8329
500 34.8281
600 37.4833
700 41.1947
800 50.3587
900 51.4782
1000 55.4437
1100 61.4003
1200 63.5059
1300 66.2193
1400 69.4262
1500 71.8401
1600 72.2011
1700 75.4255
1800 77.5242
1900 80.3057
2000 83.7257
2100 88.6848
2200 89.6772
2300 95.6347
2400 99.985
2500 101.597
2600 103.586
2700 104.809
2800 106.794
2900 107.787
3000 112.009
3100 113.137
3200 117.388
3300 118.377
3400 123.045
3500 126.02
3600 127.012
3700 128.565
3800 128.565
3900 130.698
4000 132.518
100 13.3417
200 21.3776
300 28.4429
400 32.1403
500 33.5261
600 40.1622
700 43.4166
800 47.8017
900 50.4876
1000 56.4358
1100 59.5399
1200 66.3702
1300 73.2462
1400 74.2428
1500 77.7817
1600 80.0625
1700 82.0366
1800 83.5464
1900 85.9069
2000 89.1067
2100 90.6091
2200 91.5915
2300 93.7443
2400 94.7259
2500 95.7079
2600 98.656
2700 102.591
2800 104.561
2900 106.705
3000 111.987
3100 114.543
3200 116.726
3300 119.854
3400 120.075
3500 120.839
3600 121.824
3700 122.984
3800 123.167
3900 126.384
4000 129.12
100 14
200 20.025
300 27.6586
400 32.7567
500 37.855
600 41.1096
700 44.1022
800 51.0882
900 55.0818
1000 58.0775
1100 62.0081
1200 66.0681
1300 71.0282
1400 74.0068
1500 77.0584
1600 83.0241
1700 89.0225
1800 91.022
1900 93.0484
2000 96.1301
2100 98.4124
2200 102.24
2300 105.076
2400 106.075
2500 106.075
2600 108.042
2700 111.041
2800 118.038
2900 119.038
3000 123.102
3100 127.142
3200 131.015
3300 135.004
3400 142.004
3500 143.003
3600 144.003
3700 145.003
3800 146.003
3900 147.003
4000 148.216
100 14.5602
200 20.8806
300 27.2947
400 34.5254
500 40.4475
600 46.1736
700 49.366
800 53.0848
900 56.1427
1000 61.131
1100 65.123
1200 70.1783
1300 72.2496
1400 76.1643
1500 81.2219
1600 84.214
1700 85.0941
1800 87.5728
1900 90.5539
2000 92.1358
2100 93.2631
2200 95.2575
2300 98.4784
2400 99.4636
2500 100.449
2600 103.097
2700 103.097
2800 105.38
2900 106.705
3000 109.33
3100 110.644
3200 111.45
3300 114.438
3400 115.741
3500 119.365
3600 120.507
3700 123.179
3800 126.151
3900 126.151
4000 127.142
100 14.0357
200 19.105
300 23.8537
400 31.257
500 32.3883
600 38.0132
700 41.0488
800 46.6905
900 50.9902
1000 53.3667
1100 55.109
1200 59.203
1300 62.0967
1400 63.6003
1500 65.521
1600 68.6804
1700 70.8802
1800 72.1249
1900 73.6817
2000 76.4003
2100 80.05
2200 84.7231
2300 88.6454
2400 89.627
2500 91.4112
2600 93.3809
2700 94.3663
2800 96.026
2900 97.8673
3000 98.0051
3100 99.2975
3200 99.6092
3300 102.259
3400 105.575
3500 106.569
3600 109.458
3700 111.364
3800 113.358
3900 115.352
4000 117.346
100 13.0384
200 21.2603
300 26.1725
400 31.1448
500 37.4833
600 44.5533
700 47.5079
800 49.8197
900 53.4135
1000 58.8982
1100 62.0081
1200 64.6607
1300 67.4759
1400 68.6804
1500 72.0069
1600 73.4098
1700 75.4321
1800 77.4661
1900 78.8733
2000 82.9759
2100 84.2912
2200 87.2067
2300 89.3756
2400 95.4254
2500 97.6166
2600 99.2018
2700 100.802
2800 105.683
2900 107.336
3000 110.941
3100 111.772
3200 111.772
3300 112.645
3400 113.534
3500 114.285
3600 117.835
3700 119.708
3800 119.708
3900 119.708
4000 120.739
100 14.0357
200 20.8806
300 28.1603
400 31.7805
500 34.7131
600 38.6394
700 43.4166
800 45.9674
900 50.448
1000 52.0096
1100 54.6717
1200 56.2228
1300 57.4891
1400 58.1378
1500 60.8769
1600 62.6498
1700 65.7647
1800 67.7422
1900 69.5845
2000 70.7107
2100 74.5453
2200 76.6551
2300 77.4145
2400 80.399
2500 81.3941
2600 81.4985
2700 83.9345
2800 85.1645
2900 88.6002
3000 90.956
3100 90.956
3200 90.956
3300 93.8616
3400 93.8616
3500 94.7048
3600 99.368
3700 102.528
3800 105.342
3900 110.055
4000 115.135
100 12.6491
200 22.4722
300 33.2415
400 42.45
500 51.1957
600 55.0818
700 60.1664
800 61.0328
900 62.9682
1000 65.7875
1100 73.0068
1200 75
1300 79.3095
1400 82.4621
1500 85.3756
1600 86.3481
1700 87.5557
1800 90.471
1900 92.6499
2000 92.6499
2100 93.6216
2200 97.8621
2300 99.4636
2400 102.421
2500 107.355
2600 108.342
2700 109.33
2800 110.027
2900 112.009
3000 115.117
3100 117.72
3200 118.609
3300 119.708
3400 120.337
3500 122.332
3600 123.26
3700 124.258
3800 126.194
3900 129.19
4000 134.183
100 13.8924
200 18.3576
300 26
400 31.0161
500 35.4401
600 43.4166
700 48.7032
800 51.264
900 55.3624
1000 57.3847
1100 60.1664
1200 64.622
1300 66.8506
1400 70.0071
1500 72.0902
1600 72.7324
1700 74.686
1800 75.4321
1900 77.2528
2000 78
2100 81.0432
2200 81.7435
2300 83.4326
2400 85.703
2500 87.6641
2600 88.6454
2700 91.9837
2800 94.1488
2900 95.1262
3000 95.1262
3100 97.7446
3200 101.139
3300 101.637
3400 102.108
3500 104.077
3600 107.005
3700 107.019
3800 109
3900 111.629
4000 114.586
100 15.5242
200 24.1661
300 32.249
400 35.5106
500 38.2753
600 41.8688
700 44.8219
800 45.0444
900 52.0384
1000 54
1100 61.0082
1200 64
1300 68.0074
1400 71.0634
1500 74.0068
1600 76.0066
1700 78.0064
1800 82.0061
1900 85.0059
2000 86.0058
2100 88.0057
2200 91.022
2300 95
2400 97.1854
2500 99.2472
2600 103.238
2700 107.378
2800 108.559
2900 110.114
3000 111.647
3100 113.137
3200 115.732
3300 116.52
3400 116.726
3500 121.499
3600 121.594
3700 125.399
3800 126.396
3900 126.396
4000 127.566
100 11.0454
200 17.4642
300 22.8035
400 28.4429
500 34.3657
600 39.2046
700 46.0435
800 52.0865
900 56.3205
1000 59.5399
1100 62.514
1200 62.514
1300 65.7647
1400 67.897
1500 68.0661
1600 71.5891
1700 74.5252
1800 74.7329
1900 76.2955
2000 81.5843
2100 81.5843
2200 82.5651
2300 83.1865
2400 85.9069
2500 87.8635
2600 91.7824
2700 94.2019
2800 95.7079
2900 95.7079
3000 97.6729
3100 98.8433
3200 101.789
3300 101.789
3400 104.738
3500 105.546
3600 107.49
3700 109.33
3800 111.629
3900 112.787
4000 112.787
100 12.6491
200 20.0998
300 26.0768
400 31.1448
500 37.3363
600 40.025
700 43.1741
800 47.0106
900 49.0102
1000 50.04
1100 53.0377
1200 54.037
1300 55.9732
1400 59.808
1500 62.0322
1600 64.846
1700 66.3099
1800 67.2309
1900 68.7677
2000 69.527
2100 71.218
2200 73.6003
2300 73.6817
2400 74.6324
2500 77.3369
2600 78.7464
2700 81.2712
2800 84.4334
2900 87.9204
3000 90.4434
3100 91.1811
3200 91.7061
3300 92.6553
3400 93.6056
3500 94.921
3600 97.591
3700 98.6813
3800 102.489
3900 104.12
4000 105.622
100 16.5529
200 20.5913
300 30.4138
400 36.3456
500 39.8121
600 41.3038
700 47.0425
800 50.2494
900 54.231
1000 56.0803
1100 57.0789
1200 60.0167
1300 61
1400 63.9531
1500 65.307
1600 65.7343
1700 67.4759
1800 69.4622
1900 73.437
2000 74.3303
2100 76.3217
2200 76.6877
2300 77.4661
2400 78.4474
2500 80.604
2600 82.2982
2700 84.214
2800 88.1419
2900 90.0888
3000 90.3549
3100 91.444
3200 92.4392
3300 93.5361
3400 95.0368
3500 96.1769
3600 98.1529
3700 101.119
3800 101.966
3900 103.947
4000 104.087
100 12.3693
200 21.587
300 24.7386
400 30.4138
500 36.8782
600 40.6079
700 43.566
800 48.3735
900 51.2445
1000 53.3385
1100 56.4358
1200 60.1332
1300 64.4981
1400 66.4831
1500 68.0661
1600 69.1809
1700 71.4493
1800 72.4431
1900 74.5453
2000 77.4145
2100 79.404
2200 81.3019
2300 85.5862
2400 86.954
2500 89.1852
2600 92.2822
2700 94.0213
2800 94.5145
2900 95.7706
3000 98.1122
3100 100.344
3200 105.475
3300 107.541
3400 111.018
3500 112.77
3600 115.603
3700 117.337
3800 118.207
3900 120.354
4000 121.235
100 17.0294
200 24.0208
300 28.0713
400 35
500 44.0454
600 48.0937
700 52.2398
800 54.4518
900 57.7062
1000 59.6825
1100 65.9242
1200 69.0507
1300 71.3863
1400 73.1642
1500 76.9415
1600 78.0897
1700 82.0366
1800 83.0241
1900 85.7088
2000 87.5728
2100 89.9444
2200 94.0479
2300 96.026
2400 99.1413
2500 102.108
2600 104.561
2700 106.532
2800 108.674
2900 109.041
3000 112.294
3100 114.272
3200 118.229
3300 120.208
3400 121.342
3500 123.179
3600 125.3
3700 126.151
3800 128.133
3900 129.402
4000 131.685
100 15.0333
200 19.4165
300 26.6833
400 31.7805
500 39.2938
600 44.911
700 47.676
800 51.2445
900 53.0848
1000 56.0803
1100 59.2115
1200 61.2944
1300 65.2763
1400 68.1175
1500 69.1158
1600 70.1142
1700 71.1126
1800 75.0067
1900 79.0063
2000 85.0059
2100 88.0227
2200 90.05
2300 92.0489
2400 93.0484
2500 96
2600 98.0459
2700 100.045
2800 103.175
2900 103.175
3000 105.019
3100 109.005
3200 111.018
3300 112
3400 113
3500 114.004
3600 117.004
3700 119.004
3800 123.004
3900 124.004
4000 125.016
100 14.3178
200 18.4391
300 24.7386
400 31.3209
500 35.9026
600 40.5216
700 42.72
800 43.6807
900 46.8402
1000 49.7293
1100 52.3927
1200 54.2033
1300 57.9828
1400 60.7454
1500 61.4003
1600 64.6375
1700 65.4599
1800 66.7083
1900 68.3593
2000 70.0071
2100 72.5603
2200 73.5527
2300 75.4255
2400 77.0779
2500 81.4985
2600 85.7088
2700 88.8144
2800 90.7965
2900 96.7471
3000 99.1413
3100 100.841
3200 102.825
3300 104.58
3400 105.575
3500 106.677
3600 107.466
3700 109.554
3800 112.285
3900 115.213
4000 116.276
100 15.0333
200 23
300 29.2746
400 36.1248
500 41.3038
600 46.2709
700 49.2544
800 49.366
900 51.2445
1000 53.3385
1100 54.1479
1200 56.4358
1300 59.203
1400 61.4003
1500 63.6396
1600 67.7422
1700 72.5603
1800 72.9932
1900 73.9797
2000 77.7817
2100 78.9177
2200 80.4114
2300 82.7647
2400 85.5862
2500 87.8635
2600 91.0055
2700 92.5743
2800 93.5575
2900 94.8314
3000 95.6033
3100 97.7446
3200 98.1835
3300 100.245
3400 101.514
3500 103.368
3600 104.561
3700 107.49
3800 107.708
3900 107.708
4000 110.018
100 13.0384
200 23.5372
300 29.2746
400 32.5576
500 34.5254
600 37.108
700 41.9762
800 44.911
900 46.8722
1000 50.8035
1100 52.7731
1200 54.5894
1300 57.8705
1400 60.6712
1500 64.4981
1600 67.7422
1700 71.8471
1800 73.8241
1900 78.4092
2000 79.511
2100 81.5843
2200 83.6002
2300 86.3134
2400 87.4757
2500 91.444
2600 94.3398
2700 99.2472
2800 101.178
2900 102.313
3000 104.307
3100 106.381
3200 106.381
3300 106.381
3400 107.671
3500 109.772
3600 111.113
3700 112.161
3800 115.156
3900 117.154
4000 119.151
100 14.1421
200 21.0238
300 30.0167
400 34.1321
500 38.4708
600 42.2966
700 45.0444
800 48.2597
900 51.4782
1000 53.6004
1100 55.109
1200 59.0339
1300 62
1400 65.0077
1500 68
1600 69.029
1700 71.2531
1800 73.171
1900 75.1665
2000 77.1622
2100 79.404
2200 81.3019
2300 82.4924
2400 85.0059
2500 87.0057
2600 91.022
2700 93.7443
2800 94.3663
2900 95.5249
3000 96.5091
3100 97.3242
3200 97.3242
3300 98.2497
3400 99.2472
3500 100.319
3600 102.313
3700 104.173
3800 106.17
3900 108.227
4000 110.114
100 14.1421
200 19.0263
300 23.8537
400 26.2488
500 30.0666
600 34.2345
700 37.4833
800 41.1947
900 46.8615
1000 50.4876
1100 52.7731
1200 55.7315
1300 57.7062
1400 60.6712
1500 64.4981
1600 66.3702
1700 72.7805
1800 72.7805
1900 74.7329
2000 76.6877
2100 79.1202
2200 79.1202
2300 79.8499
2400 82.4621
2500 84.309
2600 85.9069
2700 88.0227
2800 91.7606
2900 93.0484
3000 94.3398
3100 98.0816
3200 99.0051
3300 99.96
3400 100.846
3500 102.591
3600 106.532
3700 107.517
3800 108.503
3900 109.659
4000 109.659
100 13
200 17.4929
300 21.8403
400 26.8328
500 30.3645
600 34.4819
700 37.108
800 38.8973
900 44.2719
1000 47.1275
1100 49.0408
1200 52.2015
1300 56.0446
1400 61.4003
1500 64.846
1600 68.4105
1700 72.0347
1800 72.45
1900 72.8011
2000 74.2159
2100 75.9605
2200 79.712
2300 81.5843
2400 84.1724
2500 89.1067
2600 90.6697
2700 91.9239
2800 93.9042
2900 97.8673
3000 99.7246
3100 103.697
3200 107.564
3300 107.564
3400 109.659
3500 112.699
3600 116.842
3700 118.089
3800 120.337
3900 120.748
4000 123.004
100 13
200 20.2485
300 25.7099
400 32.8024
500 37.4833
600 41.6173
700 47.2017
800 53.535
900 57.4282
1000 60.2163
1100 64.8999
1200 69.2026
1300 70.2922
1400 75.4321
1500 75.4321
1600 76.2168
1700 79.2023
1800 80.1124
1900 80.5295
2000 82.0792
2100 83.3847
2200 84.7585
2300 87.9204
2400 90.7579
2500 93.6056
2600 94.921
2700 96.1353
2800 98.7623
2900 102.616
3000 104.547
3100 105.513
3200 108.416
3300 112.792
3400 113.323
3500 115.521
3600 116.76
3700 116.76
3800 119.641
3900 119.641
4000 125.16
100 12.8062
200 18
300 22.2036
400 28.1603
500 31.4006
600 36.6742
700 41.3038
800 44.4072
900 49.4975
1000 52.6118
1100 55.7315
1200 58.0517
1300 61.5224
1400 64.3817
1500 65.4905
1600 67.4759
1700 69.4262
1800 73.5935
1900 76.4199
2000 77.8332
2100 80.8084
2200 82.0731
2300 83.4506
2400 84.9588
2500 86.3134
2600 88.3912
2700 90.5207
2800 91.2853
2900 94.0691
3000 95.483
3100 97.6729
3200 99.8248
3300 101.237
3400 104.738
3500 107.629
3600 108.301
3700 109.713
3800 110.454
3900 114.586
4000 115.278
100 14.0357
200 20.025
300 24.0208
400 29.6142
500 31.4006
600 35.3553
700 38.1182
800 40.1123
900 43.1045
1000 46.6905
1100 49.7293
1200 51.9711
1300 57.7062
1400 60.208
1500 64.0312
1600 66.9403
1700 68.4105
1800 73.4983
1900 74.7262
2000 76.6551
2100 78.5875
2200 81.7435
2300 83.2406
2400 84.2021
2500 87.3613
2600 87.6413
2700 89.7385
2800 91.214
2900 91.7061
3000 94.8683
3100 97.7446
3200 100.663
3300 102.611
3400 105.759
3500 108.467
3600 111.611
3700 111.83
3800 112.588
3900 113.6
4000 117.72
100 18
200 21.2132
300 25.0799
400 28.0179
500 33.0151
600 39
700 41
800 43.0116
900 45.3982
1000 48.5077
1100 54.4518
1200 58.5491
1300 60.407
1400 63.1269
1500 65.3758
1600 69.4622
1700 70.4557
1800 74.1687
1900 76.0592
2000 81.0555
2100 83.0542
2200 87.1436
2300 90.4489
2400 92.4392
2500 94.6414
2600 98.4124
2700 102.313
2800 103.484
2900 105.802
3000 108.046
3100 109.179
3200 111.158
3300 112.294
3400 113.437
3500 115.117
3600 116.25
3700 117.958
3800 121.824
3900 123.794
4000 124.78
100 13.0384
200 19
300 24.0832
400 29.2746
500 31.0161
600 36.1248
700 39.1152
800 43.1856
900 49
1000 53.0094
1100 55.0364
1200 58.0345
1300 59.0762
1400 60.0333
1500 62.514
1600 67.7422
1700 69.5845
1800 70.4557
1900 73.171
2000 76.1643
2100 78.3135
2200 80.3057
2300 83.2947
2400 84.3801
2500 86.3713
2600 87.4643
2700 87.8237
2800 88.8144
2900 91.7878
3000 93.9042
3100 94.7629
3200 97.0155
3300 100.13
3400 102.108
3500 102.108
3600 103.097
3700 105.929
3800 105.929
3900 106.794
4000 107.671
100 12.8062
200 18.9737
300 23.4094
400 31.7805
500 34.7131
600 37.855
700 41
800 42.2019
900 47.4236
1000 49.1935
1100 51.0882
1200 52.7731
1300 56.2228
1400 61.2046
1500 62.2013
1600 66.4831
1700 70.4557
1800 72.6911
1900 75.326
2000 78.3135
2100 80.0562
2200 83.2166
2300 88.8651
2400 88.8651
2500 91.7061
2600 94.2444
2700 95.1893
2800 96.7988
2900 98.0816
3000 100.96
3100 103.846
3200 105.081
3300 105.361
3400 108.06
3500 110.218
3600 110.422
3700 112.588
3800 114.756
3900 116.181
4000 117.631
100 18.4391
200 25.9615
300 29.8329
400 35.6931
500 40.7922
600 43.7379
700 48.6621
800 54.3323
900 59.2115
1000 62.0725
1100 63.1981
1200 65.123
1300 67.0671
1400 70.3491
1500 79.3095
1600 83.2166
1700 87.1436
1800 92.1358
1900 96.0469
2000 99.0454
2100 101.045
2200 103.044
2300 103.044
2400 105.019
2500 109.073
2600 113.071
2700 118.106
2800 122.066
2900 126.036
3000 129.016
3100 134.034
3200 137.033
3300 139.014
3400 141.014
3500 143.003
3600 144.003
3700 144.056
3800 144.17
3900 147.218
4000 148.337
100 11.4018
200 19.4165
300 25.1794
400 28.6356
500 33.5261
600 37.6431
700 40.5216
800 42.45
900 45.2217
1000 49.0408
1100 51.2445
1200 54.4243
1300 57.2451
1400 58.9406
1500 61.0983
1600 63.561
1700 66.1287
1800 68.0074
1900 70.8378
2000 72.4224
2100 75.2728
2200 76.2168
2300 77.4919
2400 78.7718
2500 80.4114
2600 83.9345
2700 85.44
2800 85.7963
2900 86.539
3000 89.0505
3100 90.2497
3200 92.7038
3300 93.0484
3400 95.8593
3500 95.8593
3600 96.4624
3700 98.6154
3800 100.18
3900 101.079
4000 102.859
100 16.2788
200 25.02
300 33.0151
400 35.0143
500 37.2156
600 40.3113
700 46
800 52
900 55.0364
1000 60.075
1100 61.0328
1200 63.0317
1300 65.0077
1400 68
1500 71.007
1600 73.0068
1700 75.0067
1800 75.4255
1900 78.3135
2000 81.3941
2100 83.3847
2200 85.3756
2300 87.1436
2400 89.0898
2500 91.1373
2600 92.0869
2700 94.3398
2800 96.5194
2900 98.6154
3000 101.597
3100 103.697
3200 103.697
3300 104.58
3400 104.58
3500 105.575
3600 109.554
3700 112.009
3800 114.127
3900 116.966
4000 119.708
100 13.3417
200 24.1868
300 30.2324
400 33.8378
500 35.8469
600 40.7063
700 43.4626
800 45.618
900 48.7545
1000 52.3927
1100 57.2713
1200 58.6941
1300 61.8142
1400 63.7887
1500 66.2722
1600 70.406
1700 72.5672
1800 77.4661
1900 80.4114
2000 83.1986
2100 87.0976
2200 88.0738
2300 91.0055
2400 93.9415
2500 95.5249
2600 97.4936
2700 98.3107
2800 99.2975
2900 102.421
3000 105.38
3100 109.33
3200 111.987
3300 113.991
3400 115.974
3500 119.942
3600 123.045
3700 125.3
3800 125.766
3900 126.752
4000 127.738
