100 15.0333
200 26.0768
300 28.0713
400 35.0143
500 41.0122
600 47.0425
700 50.01
800 53.0848
900 55.0364
1000 57.3149
1100 58.3095
1200 60.2993
1300 65.0077
1400 68.0074
1500 70
1600 72.0069
1700 76
1800 80.0062
1900 84.0536
2000 91.0879
2100 93.1933
2200 96.5194
2300 99.5038
2400 103.31
2500 105.304
2600 108.296
2700 112.285
2800 114.28
2900 116.108
3000 119.34
3100 122
3200 125
3300 127.004
3400 130.004
3500 135.015
3600 137.058
3700 138.014
3800 138.058
3900 141.057
4000 143.171
4100 144.17
4200 144.17
4300 147.167
4400 148.273
4500 149.272
4600 149.272
4700 151.119
4800 152.643
4900 154.029
5000 156.013
5100 157.013
5200 159.028
5300 159.113
5400 163.049
5500 164.049
5600 164.049
5700 166.075
5800 166.075
5900 166.108
6000 169.106
100 12.6491
200 24.3311
300 28.0179
400 31.4006
500 34.9285
600 39.2938
700 43.7379
800 44.2832
900 47.3814
1000 48.7545
1100 50.04
1200 53.4509
1300 58.8218
1400 64.195
1500 64.846
1600 66.0984
1700 67.3573
1800 70.214
1900 71.8401
2000 75
2100 79.8123
2200 81.7435
2300 82.28
2400 83.2406
2500 84.8999
2600 85.1645
2700 87.0919
2800 88.3233
2900 89.9889
3000 90.956
3100 92.0489
3200 92.9731
3300 94.541
3400 96.6902
3500 98.0051
3600 98.9949
3700 100.623
3800 103.576
3900 104.393
4000 108.342
4100 110.476
4200 111.018
4300 112.294
4400 112.969
4500 115.732
4600 116.73
4700 118.966
4800 120.341
4900 122.577
5000 123.556
5100 125.028
5200 126.301
5300 127.475
5400 128.351
5500 130.698
5600 131.685
5700 132.673
5800 135.484
5900 137.463
6000 137.463
100 15.2315
200 18.3848
300 21.9317
400 27.8568
500 30.3645
600 35.2278
700 38.0132
800 39.8246
900 44.4072
1000 47.8017
1100 50
1200 53.535
1300 56.9386
1400 59.0593
1500 61.2944
1600 62.6498
1700 63.1348
1800 64.8845
1900 68.884
2000 73.7902
2100 74.686
2200 76.0263
2300 76.9675
2400 80.4984
2500 81.3941
2600 82.2922
2700 86.3308
2800 87.9318
2900 88.5664
3000 90.3383
3100 91.236
3200 92.5743
3300 96.0052
3400 99.5389
3500 103.078
3600 103.581
3700 105.773
3800 107.005
3900 109.895
4000 113.759
4100 115.447
4200 116.181
4300 120.075
4400 121.05
4500 122.25
4600 122.723
4700 123.454
4800 126.147
4900 127.346
5000 128.098
5100 129.808
5200 131.472
5300 134.373
5400 134.373
5500 137.088
5600 137.786
5700 139.014
5800 140.246
5900 141.223
6000 142.172
100 14.1421
200 19.6977
300 24.3311
400 27.6586
500 34.0147
600 37.3363
700 41.1461
800 44.911
900 49.6488
1000 50.8035
1100 53.1507
1200 57.0088
1300 60.0083
1400 62.0081
1500 63.0079
1600 66.0076
1700 70
1800 73
1900 77.0065
2000 78.0256
2100 80.0999
2200 82.0975
2300 84.1487
2400 86.2844
2500 88.1419
2600 89.1403
2700 90.1388
2800 91.444
2900 91.444
3000 93.6483
3100 94.8947
3200 98.9949
3300 101.966
3400 104.393
3500 105.683
3600 106.677
3700 109.772
3800 110.887
3900 112.009
4000 113.137
4100 114.127
4200 115.117
4300 118.089
4400 119.365
4500 121.198
4600 121.926
4700 122.919
4800 125.028
4900 127.012
5000 128.269
5100 129.124
5200 129.757
5300 130.648
5400 131.381
5500 132.544
5600 134.536
5700 135.624
5800 136.719
5900 138.708
6000 139.302
100 16.5529
200 22.1359
300 24.7386
400 33.1059
500 37.1214
600 39.6611
700 42.45
800 45.4863
900 48.0521
1000 53.1507
1100 56.3205
1200 60.208
1300 61.2944
1400 64.0312
1500 67.1193
1600 70.1142
1700 72.2496
1800 74.4312
1900 76.3217
2000 78.4092
2100 83.3847
2200 84.5931
2300 85.5862
2400 87.5728
2500 88.6848
2600 89.8053
2700 91.9239
2800 93.4345
2900 96.421
3000 98.326
3100 102.313
3200 103.484
3300 105.475
3400 106.471
3500 108.374
3600 108.374
3700 111.288
3800 112.219
3900 115.278
4000 117.273
4100 118.207
4200 118.207
4300 119.419
4400 119.604
4500 120.599
4600 121.499
4700 123.037
4800 124.403
4900 126.099
5000 127.098
5100 128.316
5200 130.096
5300 131.095
5400 131.381
5500 132.378
5600 134.302
5700 137.321
5800 139.302
5900 139.302
6000 139.589
100 19.2354
200 25
300 30.0167
400 34.1321
500 38.0526
600 43.1045
700 45.5412
800 49.2544
900 52.0865
1000 56.0357
1100 58.0345
1200 61.6847
1300 62.9682
1400 66.0303
1500 67.0671
1600 69.0652
1700 71.1969
1800 73.1642
1900 74.3303
2000 78.2304
2100 82.2982
2200 86.209
2300 88.3629
2400 90.934
2500 94.8947
2600 96.026
2700 99.985
2800 101.966
2900 103.947
3000 105.929
3100 106.888
3200 107.912
3300 109.037
3400 111.158
3500 111.803
3600 115.572
3700 119.52
3800 122.332
3900 125.3
4000 128.413
4100 131.529
4200 132.518
4300 133.507
4400 138.452
4500 141.283
4600 141.718
4700 143.136
4800 145.382
4900 145.993
5000 147.98
5100 147.98
5200 150.96
5300 151.743
5400 153.734
5500 154.935
5600 154.935
5700 157.918
5800 158.028
5900 158.455
6000 160.312
100 11.7047
200 21.095
300 33.0606
400 37.3363
500 43.4166
600 46.2709
700 49.6488
800 54.7449
900 59.8415
1000 65.6201
1100 68.3593
1200 70.1142
1300 73.1095
1400 79.1012
1500 80.0999
1600 81.3019
1700 83.1505
1800 87.2067
1900 89.202
2000 94.3398
2100 97.8673
2200 99.8499
2300 101.71
2400 102.956
2500 105.224
2600 107.564
2700 108.374
2800 109.659
2900 112.446
3000 114.438
3100 117.427
3200 118.423
3300 122.495
3400 125.575
3500 130.648
3600 132.74
3700 133.735
3800 134.629
3900 135.484
4000 137.117
4100 139.442
4200 140.431
4300 140.431
4400 142.215
4500 143.199
4600 143.199
4700 144.184
4800 145.248
4900 148.223
5000 149.345
5100 152.319
5200 153.062
5300 155.425
5400 156.416
5500 156.416
5600 157.544
5700 159.022
5800 161.009
5900 162.25
6000 163.248
100 19.7231
200 26.4008
300 31.9531
400 37.3363
500 43.3244
600 46.1736
700 50.2892
800 54.4243
900 59.9083
1000 63.7887
1100 67.6831
1200 70.0928
1300 75.9276
1400 79.6241
1500 82.5651
1600 86.885
1700 90.0278
1800 95.1262
1900 97.2934
2000 99.6393
2100 103.576
2200 107.689
2300 110.644
2400 111.4
2500 113.358
2600 117.686
2700 120.619
2800 123.357
2900 125.32
3000 128.456
3100 131.469
3200 133.555
3300 134.164
3400 136.132
3500 136.945
3600 137.102
3700 139.904
3800 142.972
3900 147.872
4000 150.625
4100 151.608
4200 152.411
4300 153.951
4400 154.932
4500 158.319
4600 159.305
4700 159.305
4800 159.452
4900 161.409
5000 162.595
5100 163.573
5200 164
5300 164.939
5400 167.093
5500 169.056
5600 169.056
5700 170.038
5800 170.038
5900 170.628
6000 171.732
100 14
200 21.2132
300 26.5707
400 33.541
500 35.9026
600 40.6079
700 41.5933
800 42.5793
900 45.2217
1000 47.2652
1100 50.2494
1200 54.037
1300 57.0088
1400 57.0088
1500 59.0339
1600 61.4003
1700 64.4981
1800 67.6018
1900 69.4622
2000 70.5762
2100 72.5603
2200 74.6726
2300 76.1183
2400 77.6466
2500 80.0625
2600 82.8734
2700 85.5862
2800 87.6926
2900 88.278
3000 91.5478
3100 93.9042
3200 95.5249
3300 97.3293
3400 100.319
3500 102.181
3600 102.24
3700 104.235
3800 106.231
3900 110.291
4000 113.159
4100 114.28
4200 114.355
4300 116.43
4400 117.068
4500 119.067
4600 121.066
4700 123.037
4800 123.037
4900 125.036
5000 127.035
5100 127.279
5200 129.259
5300 130.25
5400 132.378
5500 133.375
5600 136.367
5700 136.367
5800 137.364
5900 137.364
6000 137.364
100 13.1529
200 22.0227
300 26.0768
400 33.2415
500 37.2156
600 40.4475
700 45.3982
800 49.163
900 52.0096
1000 55.0091
1100 59.2115
1200 63.1269
1300 67.3647
1400 68.7314
1500 71.1969
1600 73.0068
1700 74.9533
1800 77.1298
1900 79.555
2000 79.555
2100 80.5233
2200 81.4923
2300 82.4621
2400 84.0119
2500 85.1587
2600 85.9884
2700 88.295
2800 91.9239
2900 94.3663
3000 99.8248
3100 101.789
3200 102.421
3300 104.561
3400 105.721
3500 105.721
3600 106.705
3700 107.355
3800 111.018
3900 112.009
4000 113.6
4100 114.756
4200 115.741
4300 116.726
4400 117.209
4500 118.697
4600 120.669
4700 121.655
4800 125.172
4900 126.147
5000 128.098
5100 129.074
5200 130.05
5300 131.027
5400 132.91
5500 133.959
5600 135.093
5700 135.857
5800 138.438
5900 139.359
6000 140.431
100 14.0357
200 23
300 29.0172
400 36.0139
500 40.05
600 46.0109
700 49.0918
800 52.1536
900 56.2228
1000 59.2115
1100 63.1981
1200 63.1981
1300 65.2763
1400 67.0075
1500 67.7422
1600 71.3442
1700 73.3348
1800 74.3303
1900 78.2304
2000 80.2247
2100 83.1505
2200 85.1469
2300 87.2067
2400 90.1388
2500 94.1913
2600 97.4166
2700 100.125
2800 102.122
2900 103.078
3000 104.077
3100 105.119
3200 107.042
3300 108.042
3400 109.293
3500 111.288
3600 114.28
3700 116.211
3800 116.43
3900 117.516
4000 120.337
4100 123.329
4200 123.329
4300 124.258
4400 126.099
4500 128.141
4600 128.141
4700 130.096
4800 130.096
4900 132.095
5000 135.093
5100 137.091
5200 138.091
5300 138.091
5400 139.09
5500 140
5600 141.004
5700 144.014
5800 146.014
5900 149.013
6000 150.013
100 16.6433
200 27.7308
300 32.2025
400 38.9102
500 40.8167
600 43.909
700 45.2769
800 48.7032
900 49.6488
1000 51.8845
1100 54.5619
1200 55.4707
1300 58.1378
1400 59.6657
1500 63.4114
1600 64.405
1700 67.2012
1800 72.9452
1900 74.6257
2000 75.4718
2100 77.026
2200 77.8974
2300 81.4125
2400 83.2406
2500 85.9593
2600 88.5889
2700 89.4707
2800 89.4707
2900 89.9444
3000 93.0215
3100 93.9415
3200 94.4299
3300 95.7131
3400 98.4886
3500 101.237
3600 107.154
3700 108.853
3800 111.234
3900 111.234
4000 112.805
4100 114.39
4200 116.709
4300 119.038
4400 119.971
4500 121.84
4600 121.84
4700 123.859
4800 127.016
4900 127.945
5000 127.945
5100 131.674
5200 135.074
5300 136.015
5400 137.419
5500 138.842
5600 141.739
5700 143.59
5800 146.164
5900 148.762
6000 148.762
100 12.3693
200 22
300 28.1603
400 34.4384
500 40.8167
600 44.6542
700 48.3735
800 51.6236
900 55.9017
1000 57.3847
1100 61.0737
1200 61.7171
1300 63.9766
1400 65.9242
1500 66.7308
1600 68.9493
1700 71.7844
1800 74
1900 77.7946
2000 82.5651
2100 82.8613
2200 85.703
2300 87.9659
2400 90.0944
2500 92.9731
2600 94.5569
2700 95.5092
2800 97.1854
2900 99.2472
3000 101.178
3100 103.121
3200 104.173
3300 104.173
3400 107.168
3500 109.165
3600 110.223
3700 114.07
3800 117.017
3900 121.004
4000 122.016
4100 123.065
4200 123.065
4300 124.064
4400 124.064
4500 126.004
4600 126.063
4700 127.004
4800 128.658
4900 128.996
5000 129.468
5100 130.553
5200 133.54
5300 133.634
5400 134.629
5500 136.444
5600 137.931
5700 138.521
5800 139.517
5900 139.607
6000 142.225
100 14.2127
200 20.6155
300 24.6982
400 28.178
500 30.8869
600 35.3836
700 39.8246
800 41.9762
900 44.8219
1000 47.4236
1100 49.6488
1200 53.3667
1300 55.7853
1400 57.0088
1500 59.6657
1600 63.7024
1700 65.2993
1800 66.7608
1900 68.6804
2000 70.214
2100 73.4098
2200 76.2168
2300 77.801
2400 81.0555
2500 82.0975
2600 85.8021
2700 87.2009
2800 87.2009
2900 90.802
3000 92.8009
3100 93.6002
3200 94.4034
3300 96.2133
3400 99.8098
3500 104.202
3600 106.827
3700 108.706
3800 109.225
3900 111.126
4000 111.803
4100 113.952
4200 117.456
4300 120.283
4400 123.069
4500 123.167
4600 126.063
4700 128.222
4800 130.969
4900 130.969
5000 133.004
5100 133.004
5200 134.826
5300 137.906
5400 141.032
5500 143.056
5600 143.056
5700 145.602
5800 147.201
5900 148.6
6000 152.801
100 12.1655
200 19.6469
300 26.3059
400 33.2415
500 38.2099
600 43.2897
700 45.3982
800 50.04
900 51.0392
1000 55.0091
1100 59.0339
1200 62.0322
1300 62.0322
1400 65.0308
1500 66.0681
1600 67.0075
1700 68.0074
1800 73
1900 74.0068
2000 75.0067
2100 76.0263
2200 79.0253
2300 80.0562
2400 80.0562
2500 82.0061
2600 83.006
2700 83.006
2800 86.0058
2900 87.367
3000 88.3629
3100 90.3549
3200 92.4392
3300 96.1769
3400 97.509
3500 98.8383
3600 101.134
3700 102.956
3800 103.315
3900 104.695
4000 105.991
4100 107.28
4200 111.086
4300 112.058
4400 114.237
4500 115.209
4600 116.181
4700 116.619
4800 117.924
4900 121.078
5000 123.859
5100 123.859
5200 125.004
5300 127.016
5400 128.693
5500 129.077
5600 130
5700 130.74
5800 131.7
5900 135.248
6000 136.165
100 16.7631
200 21.095
300 27.0185
400 32
500 37
600 40.1995
700 47.0425
800 50.01
900 54.0093
1000 58.0345
1100 62.0725
1200 68.0661
1300 70.1783
1400 73
1500 75.0067
1600 76.1052
1700 78.1601
1800 81.2219
1900 84.2912
2000 88.278
2100 90.2718
2200 93.5361
2300 97.5141
2400 99.5038
2500 102.591
2600 104.69
2700 107.466
2800 108.559
2900 111.647
3000 111.759
3100 113.358
3200 115
3300 117.239
3400 118.229
3500 119.52
3600 120.507
3700 121.342
3800 122.809
3900 123.794
4000 124.197
4100 127.193
4200 129.19
4300 131.309
4400 132.242
4500 133.184
4600 135.181
4700 135.181
4800 139.129
4900 140.175
5000 140.228
5100 141.089
5200 143.056
5300 143.056
5400 144.056
5500 144.544
5600 147.122
5700 148.476
5800 149.907
5900 151.608
6000 152.971
100 18.7883
200 23.4307
300 30
400 37.1214
500 39.1152
600 45.0444
700 51.0882
800 57.2189
900 62.1289
1000 66.1891
1100 69.1809
1200 69.2604
1300 72.111
1400 76.1052
1500 79.404
1600 82.3893
1700 84.4808
1800 86.0523
1900 87.9659
2000 89.9444
2100 92.0054
2200 93.9042
2300 95.1893
2400 97.0206
2500 99.0202
2600 100.13
2700 102.259
2800 105.38
2900 109.49
3000 110.644
3100 112.614
3200 115.317
3300 116.103
3400 117.085
3500 118.878
3600 120.075
3700 122.025
3800 125.634
3900 126.846
4000 128.55
4100 131.7
4200 132.673
4300 136.341
4400 139.058
4500 140.812
4600 140.812
4700 143.951
4800 143.951
4900 145.134
5000 145.527
5100 146.537
5200 149.459
5300 150.625
5400 152.191
5500 153.222
5600 155.193
5700 157.166
5800 159.966
5900 160.29
6000 161.276
100 14.5602
200 23.1948
300 31.1448
400 34.0588
500 37.0135
600 40.7063
700 41.1461
800 43.4166
900 47.5184
1000 50.8035
1100 57.0701
1200 62.8013
1300 65.9242
1400 68.469
1500 71.4493
1600 75.5381
1700 77.5242
1800 80.604
1900 82
2000 84.2912
2100 87.4643
2200 88.278
2300 94.2603
2400 95.3362
2500 96.2549
2600 99.2472
2700 101.124
2800 102.044
2900 103.044
3000 104.043
3100 105.019
3200 107.205
3300 111.113
3400 111.683
3500 114.56
3600 114.56
3700 114.56
3800 114.843
3900 116.387
4000 119.017
4100 119.038
4200 120.037
4300 121.037
4400 124.016
4500 124.016
4600 127.016
4700 127.016
4800 128.016
4900 131
5000 131
5100 133
5200 134
5300 135
5400 137.004
5500 137.004
5600 138.004
5700 140.014
5800 141.057
5900 143.014
6000 145.014
100 14.4222
200 22.8254
300 29.7321
400 33.9706
500 37.5366
600 43.2782
700 46.2277
800 47.8017
900 50.9117
1000 52.345
1100 53.8516
1200 56.6039
1300 58.8303
1400 64.0078
1500 64.846
1600 67.5426
1700 68.942
1800 70.4911
1900 73.4983
2000 78.0064
2100 79.6304
2200 79.6304
2300 81.8352
2400 83.2406
2500 84.2021
2600 84.6463
2700 87.4586
2800 87.6185
2900 88.4081
3000 90.802
3100 93.2309
3200 94.0479
3300 94.8683
3400 98.4733
3500 99.8649
3600 103.228
3700 104.043
3800 105.688
3900 106.677
4000 108.407
4100 109.622
4200 111.83
4300 116.211
4400 118.068
4500 120.42
4600 121.211
4700 122.147
4800 123.556
4900 125
5000 126.823
5100 127.004
5200 127.44
5300 129.634
5400 129.634
5500 131.503
5600 131.643
5700 133.004
5800 134.469
5900 135.148
6000 139.603
100 15.8114
200 25.5539
300 31.241
400 36.4005
500 40
600 43.8634
700 50.9117
800 55.2268
900 55.9017
1000 58.7282
1100 60.8276
1200 63.6553
1300 65.7951
1400 68.6003
1500 70.0357
1600 71.218
1700 73.1095
1800 77.3369
1900 78.7464
2000 79.6304
2100 80.4487
2200 82.4197
2300 83.7377
2400 85.4751
2500 87.4643
2600 89.0449
2700 91.0494
2800 92.957
2900 94.3663
3000 95.901
3100 96.0469
3200 97.9439
3300 100.319
3400 101.4
3500 103.392
3600 104.48
3700 105.683
3800 108.337
3900 109.659
4000 111.893
4100 114.039
4200 115.832
4300 118.966
4400 123.438
4500 126.143
4600 130.188
4700 131.518
4800 132.85
4900 134.183
5000 135.956
5100 136.894
5200 138.708
5300 138.708
5400 138.708
5500 139.129
5600 141.421
5700 142.78
5800 143.656
5900 143.656
6000 145.121
100 14.8661
200 19.6977
300 25.2982
400 31.0483
500 34.176
600 38.6264
700 42.1545
800 46.6154
900 49.3964
1000 49.3964
1100 51.2445
1200 52.345
1300 54.7083
1400 56.4358
1500 57.5674
1600 58.5491
1700 60.1332
1800 62.8013
1900 64.0312
2000 65.8027
2100 66.8431
2200 68.884
2300 70
2400 74.027
2500 78.0064
2600 82
2700 84
2800 84
2900 88
3000 90.0056
3100 94.0479
3200 96.1301
3300 99.0051
3400 100.404
3500 102.703
3600 103.817
3700 106.301
3800 107.787
3900 109.225
4000 110.164
4100 114.07
4200 115.07
4300 117.107
4400 117.107
4500 118.271
4600 121.017
4700 125.004
4800 128.004
4900 129.004
5000 129.004
5100 131.015
5200 131.015
5300 132.136
5400 135.181
5500 135.181
5600 137.131
5700 137.131
5800 137.233
5900 140.129
6000 140.161
100 14.3178
200 22.2036
300 25.1794
400 28.0179
500 32.5576
600 36.0555
700 42.0476
800 48.0416
900 54.0833
1000 58.0775
1100 61.0737
1200 68.0294
1300 73.0616
1400 76.0592
1500 80.1561
1600 83.2166
1700 86.209
1800 89.2749
1900 93.2631
2000 94.3398
2100 97.1288
2200 100.245
2300 104.173
2400 111.221
2500 111.221
2600 112.361
2700 114.355
2800 115.352
2900 118.038
3000 120.017
3100 121.037
3200 123.037
3300 126.063
3400 127.063
3500 127.098
3600 127.098
3700 128.561
3800 129.387
3900 130.05
4000 132.197
4100 132.85
4200 135.518
4300 136.693
4400 138.852
4500 141.014
4600 142.899
4700 145.88
4800 146.986
4900 147.363
5000 151.463
5100 151.463
5200 152.453
5300 153.444
5400 153.73
5500 155.425
5600 155.425
5700 158.824
5800 159.966
5900 161.682
6000 164.469
100 16.7631
200 22.8035
300 26.4197
400 34.7851
500 41.4849
600 45.3542
700 50.01
800 54.3415
900 57.7235
1000 59.6657
1100 61.0983
1200 63.6946
1300 65.521
1400 65.5515
1500 71.1969
1600 77.026
1700 81.0062
1800 84.5991
1900 86.4523
2000 89.1852
2100 95.7706
2200 98.4124
2300 100.648
2400 100.648
2500 102
2600 105.991
2700 107.787
2800 110.494
2900 113.217
3000 114.739
3100 116.619
3200 117.478
3300 122.801
3400 125.539
3500 127.264
3600 128.129
3700 131.229
3800 132.076
3900 132.925
4000 135.665
4100 137.011
4200 137.844
4300 139.032
4400 140.663
4500 142.056
4600 144.402
4700 146.209
4800 149.626
4900 153.675
5000 155.081
5100 157.892
5200 159.79
5300 161.199
5400 164.149
5500 165.557
5600 167.601
5700 168.241
5800 171.058
5900 171.703
6000 173.876
100 15.2971
200 20.0998
300 28.1603
400 37.1214
500 41.1947
600 46.0435
700 48
800 49.0918
900 51.1566
1000 51.2445
1100 57.4891
1200 59.2115
1300 61.6604
1400 64.6297
1500 65.6201
1600 67.7422
1700 70.8308
1800 72.5672
1900 73.5459
2000 75.505
2100 75.505
2200 76.9675
2300 80.6226
2400 82.4621
2500 85.0882
2600 86.8159
2700 88.6397
2800 91.3893
2900 91.3893
3000 94.1541
3100 96.2549
3200 99.5389
3300 99.5389
3400 101.769
3500 103.619
3600 105.849
3700 105.849
3800 108.268
3900 109.202
4000 109.563
4100 110.494
4200 112.606
4300 115.169
4400 117.745
4500 119.775
4600 123.491
4700 126.289
4800 126.649
4900 128.515
5000 131.674
5100 133.33
5200 134.629
5300 135.93
5400 135.93
5500 137.615
5600 138.398
5700 139.714
5800 142.468
5900 142.468
6000 144.838
100 13.3417
200 20.3961
300 24.3311
400 28.4429
500 31.257
600 35.1283
700 38.2099
800 43.0465
900 49.0102
1000 55.0091
1100 56.0089
1200 59.0339
1300 61.131
1400 63.0317
1500 64.0312
1600 65.123
1700 69.1158
1800 70.1142
1900 73.0616
2000 76.1643
2100 78.2304
2200 80.1561
2300 80.1561
2400 85.0941
2500 86.093
2600 87.0517
2700 89.0225
2800 89.0225
2900 90.0222
3000 90.0222
3100 91.5478
3200 93.0054
3300 96.0208
3400 99
3500 101
3600 102.02
3700 104
3800 104
3900 108.074
4000 109.041
4100 110.114
4200 111.072
4300 112.04
4400 112.071
4500 113
4600 113.442
4700 114.438
4800 114.438
4900 115.434
5000 117.427
5100 117.427
5200 118.423
5300 118.423
5400 118.533
5500 119.52
5600 119.854
5700 121.103
5800 121.38
5900 122.972
6000 123.94
100 15.6525
200 23.7697
300 27.4591
400 31.5753
500 35.7351
600 39.2173
700 47.7598
800 50.5964
900 55.0818
1000 60.8769
1100 63.561
1200 66.7083
1300 71.3863
1400 73.3485
1500 76.2365
1600 78.2304
1700 81.0062
1800 82.2192
1900 85
2000 85.4751
2100 89
2200 90
2300 90
2400 91.6624
2500 97.6217
2600 98.8585
2700 102.956
2800 103.947
2900 105.224
3000 106.532
3100 111.463
3200 112.614
3300 113.772
3400 115.261
3500 117.546
3600 117.546
3700 119.683
3800 121.655
3900 124.78
4000 127.577
4100 127.906
4200 128.725
4300 130.05
4400 130.05
4500 131.594
4600 132.608
4700 134.536
4800 135.518
4900 137.321
5000 138.452
5100 139.442
5200 140.431
5300 141.439
5400 143.684
5500 146.67
5600 146.874
5700 149.566
5800 151.559
5900 153.551
6000 153.551
100 14.5602
200 24.7386
300 34.0588
400 42.19
500 45.0444
600 49
700 49.7293
800 55.3173
900 58.0517
1000 60.4152
1100 64.3273
1200 66.4831
1300 68.4105
1400 70.8378
1500 73.1642
1600 75.2861
1700 77.6209
1800 79.6053
1900 81.1234
2000 83.7257
2100 84.22
2200 85.5862
2300 86.4002
2400 87.6413
2500 88.6848
2600 91.4822
2700 93.9628
2800 95.2103
2900 97.1236
3000 99.3277
3100 101.242
3200 103.74
3300 104.676
3400 106.892
3500 108.301
3600 110.535
3700 111.018
3800 111.826
3900 115.447
4000 118.36
4100 120.304
4200 121.807
4300 124.74
4400 125.929
4500 128.32
4600 130.817
4700 131.027
4800 131.795
4900 132.575
5000 134.373
5100 134.629
5200 136.561
5300 137.786
5400 138.752
5500 140.943
5600 142.443
5700 142.443
5800 143.962
5900 145.207
6000 147.054
100 13.3417
200 19.9249
300 26.9258
400 33.8378
500 38.0789
600 44.5533
700 47.676
800 50.8035
900 54.7449
1000 56.4358
1100 57.4282
1200 57.4282
1300 61.2944
1400 63.6396
1500 65.192
1600 67.897
1700 72.8354
1800 72.9932
1900 77.9295
2000 80.4114
2100 82.5651
2200 83.3607
2300 84.3445
2400 86.6833
2500 89.627
2600 91.7824
2700 92.9624
2800 95.5667
2900 98.4937
3000 100.17
3100 101.39
3200 103.325
3300 104.293
3400 104.809
3500 104.809
3600 104.924
3700 107.005
3800 108.784
3900 110.018
4000 115.434
4100 117.644
4200 118.406
4300 120.208
4400 121.758
4500 123.762
4600 124.455
4700 124.455
4800 125.419
4900 126.89
5000 128.098
5100 133.843
5200 134.729
5300 136.004
5400 137.615
5500 139.607
5600 141.598
5700 144.586
5800 147.763
5900 147.763
6000 148.098
100 13.4536
200 22.3607
300 28.2312
400 32.311
500 35.3553
600 40.4475
700 44.911
800 47.8539
900 49.8197
1000 52.9528
1100 54.9181
1200 57.7062
1300 57.8705
1400 59.8415
1500 62.6498
1600 66.6108
1700 67.4759
1800 71.5681
1900 72.4431
2000 74.3303
2100 76.2365
2200 78.3135
2300 81.3019
2400 84.2912
2500 85.3756
2600 88.1419
2700 91.1373
2800 93.1343
2900 94.1913
3000 96.1301
3100 98.1275
3200 100.08
3300 101.079
3400 101.124
3500 102.078
3600 105.076
3700 107.117
3800 109.115
3900 112.112
4000 113.071
4100 115.07
4200 116.155
4300 118.152
4400 119.206
4500 120.204
4600 122.037
4700 123.037
4800 124.064
4900 125.064
5000 126.016
5100 126.099
5200 128.191
5300 129.19
5400 131.381
5500 132.378
5600 132.458
5700 132.458
5800 132.458
5900 136.367
6000 139.359
100 13.3417
200 18.0278
300 23.2594
400 26.6833
500 30.4138
600 34.3657
700 38.6394
800 41.7732
900 46.6905
1000 51.3517
1100 55.4437
1200 58.6941
1300 61.4003
1400 65.3758
1500 69.2604
1600 71.0634
1700 77.0584
1800 79.0569
1900 81.3941
2000 84.7172
2100 87.5728
2200 87.9659
2300 89.56
2400 91.5478
2500 93.4345
2600 93.4345
2700 96.8814
2800 97.8621
2900 98.7168
3000 99.6393
3100 104.393
3200 106.705
3300 108.503
3400 110.476
3500 114.272
3600 116.25
3700 116.4
3800 117.546
3900 120.669
4000 123.471
4100 125.447
4200 127.424
4300 134.495
4400 135.484
4500 137.463
4600 138.6
4700 139.589
4800 140.73
4900 141.566
5000 142.555
5100 143.377
5200 146.328
5300 149.643
5400 152.591
5500 153.574
5600 153.76
5700 156.179
5800 160.125
5900 162.262
6000 163.248
100 13.4164
200 20
300 25.0799
400 31.0161
500 34.4819
600 36.7151
700 41.4005
800 45.2217
900 49.0408
1000 52.4976
1100 53.535
1200 54.5894
1300 58.1808
1400 63.0635
1500 63.0714
1600 65.7419
1700 67.7422
1800 72.9452
1900 74.9466
2000 75.1332
2100 80.4984
2200 81.8413
2300 88.5664
2400 89.8999
2500 89.8999
2600 95.8541
2700 98.8989
2800 104.389
2900 107.154
3000 110.309
3100 112.161
3200 116.078
3300 118.701
3400 122.931
3500 125.16
3600 128.035
3700 134.078
3800 134.078
3900 135.004
4000 136.858
4100 139.463
4200 140.528
4300 144.18
4400 146.014
4500 149.967
4600 150.881
4700 154.029
4800 154.945
4900 158.496
5000 159.931
5100 160.328
5200 162.049
5300 163.371
5400 163.783
5500 166.517
5600 167.431
5700 168.253
5800 168.751
5900 171.814
6000 172.308
100 12.0416
200 18.868
300 24.3516
400 29.4109
500 33.8378
600 36.1248
700 39.8246
800 45
900 46.4004
1000 50
1100 54.3783
1200 55.7584
1300 63.2851
1400 66.8506
1500 70.1783
1600 75.6637
1700 77.026
1800 79.6492
1900 81.2158
2000 84.8646
2100 89.9389
2200 90.6863
2300 92.7631
2400 94.7945
2500 96.1769
2600 96.4261
2700 98.4937
2800 99.1564
2900 100.658
3000 102.728
3100 103.392
3200 105.418
3300 105.418
3400 106.832
3500 108.301
3600 109.604
3700 111.665
3800 112.614
3900 115.421
4000 118.406
4100 121.037
4200 125.419
4300 127.283
4400 127.914
4500 128.69
4600 129.468
4700 131.503
4800 132.439
4900 132.774
5000 134.466
5100 137.131
5200 137.768
5300 140.089
5400 142.274
5500 142.274
5600 142.274
5700 143.534
5800 143.6
5900 144.461
6000 146.697
100 15
200 24.1868
300 30.1496
400 33.3766
500 40.7922
600 44.2832
700 47.2652
800 52.1536
900 55.1453
1000 59.0339
1100 65.0308
1200 69.0652
1300 72.0278
1400 75.0267
1500 77.026
1600 80.0562
1700 81.0987
1800 85.1469
1900 88.5268
2000 92.6499
2100 95.0789
2200 97.7446
2300 98.27
2400 100.439
2500 102.078
2600 103.121
2700 104.12
2800 107.117
2900 108.227
3000 108.227
3100 109.225
3200 110.223
3300 112.361
3400 112.446
3500 116.276
3600 117.346
3700 118.271
3800 118.423
3900 121.202
4000 122.201
4100 123.26
4200 127.142
4300 128.191
4400 128.191
4500 129.016
4600 131.24
4700 132.231
4800 132.306
4900 133.304
5000 135.237
5100 136.297
5200 138.362
5300 139.176
5400 139.359
5500 140.89
5600 142.864
5700 143.851
5800 146.492
5900 147.574
6000 148.57
100 15
200 28.3019
300 32.6497
400 37.8021
500 46.8722
600 50.8035
700 54.1295
800 59.439
900 62.5859
1000 65.5134
1100 65.5134
1200 69.3758
1300 75
1400 77.8845
1500 80.7775
1600 81.9329
1700 84.1546
1800 86.5852
1900 88.5268
2000 90.471
2100 93.8616
2200 96.7729
2300 98.4886
2400 103.16
2500 103.16
2600 104.139
2700 105.906
2800 107.689
2900 111.463
3000 113.283
3100 114.425
3200 115.572
3300 115.741
3400 118.697
3500 119.854
3600 121.495
3700 122.483
3800 122.483
3900 123.822
4000 124.423
4100 127.028
4200 128.413
4300 130.096
4400 134.034
4500 134.848
4600 137.004
4700 140
4800 141.4
4900 142.004
5000 142.201
5100 143.003
5200 145
5300 146.154
5400 148.125
5500 151.083
5600 153.056
5700 153.883
5800 156.847
5900 160.381
6000 163.355
100 13.1529
200 19.6469
300 25.0799
400 28.0179
500 33.6155
600 40.2244
700 42.4382
800 44.4185
900 46.6476
1000 49.6488
1100 52.2015
1200 53.9073
1300 58.0517
1400 61.5224
1500 65.192
1600 68.1175
1700 70.2922
1800 73.6614
1900 75.743
2000 79.3977
2100 80.4301
2200 81.4002
2300 82.4621
2400 83.2406
2500 85.1469
2600 86.0233
2700 87.9659
2800 91.5478
2900 92.1954
3000 93.5094
3100 94.3663
3200 96.6747
3300 96.6747
3400 97.949
3500 100.767
3600 103.479
3700 104.995
3800 106.527
3900 107.935
4000 108.853
4100 111.212
4200 113.23
4300 113.851
4400 115.421
4500 116.211
4600 117.614
4700 118.6
4800 119.808
4900 121.211
5000 124.535
5100 125.363
5200 128.456
5300 128.456
5400 129.035
5500 131.244
5600 132.639
5700 133.454
5800 134.272
5900 136.825
6000 137.877
100 15.5242
200 23.3452
300 28.8617
400 34.5254
500 38.4708
600 41.6293
700 45.0444
800 47.1699
900 50.2494
1000 52.0384
1100 54.4518
1200 56.5685
1300 57.5587
1400 59.0762
1500 63.0714
1600 65.0692
1700 69.0072
1800 72.0278
1900 77.0065
2000 80.0062
2100 83.0542
2200 87.0057
2300 89.0056
2400 89.0505
2500 92.0489
2600 96.0469
2700 100.045
2800 103.044
2900 107.019
3000 109.018
3100 110.005
3200 113.004
3300 114.018
3400 117.068
3500 117.107
3600 117.107
3700 118.068
3800 119.067
3900 120.15
4000 121.149
4100 121.149
4200 123.199
4300 126.099
4400 126.143
4500 129.139
4600 131.034
4700 133.034
4800 135.033
4900 137.033
5000 141.032
5100 143.003
5200 144.003
5300 147
5400 147
5500 149.013
5600 150.03
5700 151.053
5800 153.029
5900 155.029
6000 157.029
100 14.5602
200 21.6333
300 30.5941
400 33.7343
500 37.9473
600 41.1096
700 45.8803
800 50.6952
900 52.8867
1000 55.5428
1100 56.7539
1200 59.439
1300 61.3922
1400 62.1691
1500 64.1327
1600 67.897
1700 68.4471
1800 69.4262
1900 72.1803
2000 72.6911
2100 74.1485
2200 76.1183
2300 76.4788
2400 80.604
2500 81.5843
2600 83.7437
2700 86.122
2800 86.3481
2900 86.3481
3000 87.2353
3100 87.3212
3200 89.1067
3300 90.2441
3400 91.0879
3500 94.0851
3600 96.1873
3700 98.1835
3800 100.245
3900 103.31
4000 106.301
4100 109.293
4200 110.368
4300 111.364
4400 113.217
4500 113.283
4600 114.28
4700 114.28
4800 114.739
4900 117.068
5000 119.017
5100 120.037
5200 122.004
5300 123.016
5400 125.016
5500 126.004
5600 128.004
5700 131
5800 134.004
5900 134.004
6000 135
100 15.0333
200 20.0998
300 25.0799
400 29.0689
500 33.9559
600 38.4838
700 40.4969
800 43.8292
900 48.7647
1000 50.5371
1100 52.3259
1200 54.626
1300 56.6392
1400 57.9396
1500 60.7454
1600 63.3246
1700 69.6419
1800 74.0945
1900 75.2728
2000 76.5572
2100 79.1202
2200 81.1542
2300 82.4621
2400 84.6936
2500 86.539
2600 87.4643
2700 89.8888
2800 92.1141
2900 95.6347
3000 96.3846
3100 101.951
3200 104.752
3300 106.775
3400 107.154
3500 108.503
3600 110.494
3700 111.427
3800 115.169
3900 117.324
4000 117.953
4100 119.218
4200 120.487
4300 121.758
4400 122.711
4500 125.24
4600 129.341
4700 130.602
4800 131.244
4900 134.082
5000 136.927
5100 137.244
5200 137.877
5300 139.176
5400 139.778
5500 141.683
5600 146.455
5700 147.706
5800 150.572
5900 153.444
6000 154.029
100 15.2971
200 21.2132
300 27.0185
400 33
500 35.0571
600 41.1947
700 46.1736
800 48.5077
900 53.3385
1000 55.2268
1100 59.2115
1200 62.2013
1300 65.192
1400 68.1836
1500 71.0634
1600 72.0278
1700 74.027
1800 77.0584
1900 80.025
2000 82.0244
2100 84.006
2200 87.023
2300 88.0057
2400 89.0056
2500 90.0056
2600 91.0055
2700 91.0494
2800 93.0054
2900 94
3000 94.1913
3100 96.1873
3200 100.18
3300 101.316
3400 103.31
3500 104.389
3600 105.475
3700 106.471
3800 107.564
3900 108.462
4000 109.371
4100 111.879
4200 113.864
4300 115.732
4400 116.726
4500 117.72
4600 118.828
4700 120.702
4800 120.814
4900 121.696
5000 121.696
5100 121.696
5200 124.326
5300 125.447
5400 127.424
5500 127.424
5600 129.553
5700 130.392
5800 131.381
5900 131.848
6000 135.148
100 15.6525
200 20.2485
300 27.0185
400 34.0147
500 38.2099
600 40.1995
700 44.2832
800 47.3814
900 49.7293
1000 56.0357
1100 57.0351
1200 58.0775
1300 59.0762
1400 61.0328
1500 63.0317
1600 64.0703
1700 65.0692
1800 67.0298
1900 68.1836
2000 69.0652
2100 72.6223
2200 73.2462
2300 75.06
2400 76.0592
2500 79.1012
2600 81.1542
2700 81.2219
2800 82.365
2900 83.2166
3000 85.5862
3100 87.2812
3200 90.5207
3300 91.2414
3400 94.1116
3500 95.5877
3600 97.1288
3700 98.732
3800 100.08
3900 102.078
4000 104.48
4100 108.559
4200 109.659
4300 110.887
4400 112.872
4500 112.872
4600 113
4700 114.983
4800 116.842
4900 116.842
5000 117.835
5100 120.652
5200 122.037
5300 122.495
5400 126.479
5500 127.393
5600 128.658
5700 128.658
5800 129.653
5900 130.553
6000 134.302
100 13.1529
200 18.7883
300 26.2488
400 32.5576
500 36.7967
600 41.1096
700 45.6946
800 50.3289
900 53.7122
1000 55.9464
1100 58.8303
1200 62.482
1300 66.5733
1400 69.3397
1500 71.8679
1600 74.6324
1700 77.8974
1800 81.4923
1900 84.2021
2000 88.0568
2100 91.9239
2200 93.145
2300 94.5939
2400 95.6033
2500 100.225
2600 102.391
2700 104.293
2800 106.48
2900 110.603
3000 111.571
3100 112.539
3200 114.983
3300 116.914
3400 117.444
3500 118.406
3600 120.333
3700 120.88
3800 121.754
3900 123.693
4000 125.575
4100 126.289
4200 128.082
4300 128.736
4400 131.605
4500 132.853
4600 134.48
4700 137.993
4800 138.928
4900 141.382
5000 143.293
5100 145.207
5200 145.499
5300 146.751
5400 149.616
5500 150.572
5600 151.242
5700 153.16
5800 155.081
5900 156.042
6000 159.765
100 12.53
200 17.4642
300 23.7697
400 29.8329
500 33.8378
600 37.4833
700 40.7922
800 43.7379
900 46.3897
1000 49.2544
1100 54.4243
1200 57.0088
1300 59.0931
1400 63.6396
1500 65.3758
1600 68.3593
1700 70.1783
1800 72.1734
1900 75.2928
2000 78.2943
2100 78.8923
2200 80.9506
2300 81.9878
2400 83.1685
2500 85.3815
2600 89.1964
2700 90.824
2800 93.6376
2900 95.5196
3000 98.3514
3100 102.142
3200 103.092
3300 104.043
3400 106.902
3500 107.205
3600 109.202
3700 112.089
3800 114.018
3900 115.948
4000 117.631
4100 117.881
4200 118.6
4300 119.369
4400 121.433
4500 126.194
4600 129.692
4700 134.082
4800 134.082
4900 135.351
5000 136.297
5100 136.356
5200 140.089
5300 141.039
5400 141.683
5500 143.003
5600 143.293
5700 144.201
5800 145.152
5900 146.103
6000 147.706
100 13.0384
200 18.6815
300 26.0192
400 30.2655
500 34
600 37.1214
700 40.1123
800 42.0476
900 44.0114
1000 47.1699
1100 49.366
1200 52.0096
1300 53.1601
1400 55.109
1500 57.2713
1600 59.0339
1700 61.0328
1800 64.0703
1900 69
2000 70.0286
2100 71
2200 72.6911
2300 74.6726
2400 75.6637
2500 76.6551
2600 78.6384
2700 82.7345
2800 82.8734
2900 85.8429
3000 87.8237
3100 89.4427
3200 90.4268
3300 92.5743
3400 92.5743
3500 95.7079
3600 98.656
3700 101.435
3800 104.235
3900 104.235
4000 104.393
4100 105.224
4200 106.212
4300 108.19
4400 108.342
4500 110.603
4600 112.539
4700 113.508
4800 115.447
4900 116.181
5000 118.14
5100 119.369
5200 120.603
5300 120.603
5400 123.081
5500 124.619
5600 125
5700 126.921
5800 128.787
5900 130.729
6000 133.881
100 15.2315
200 25
300 31.0644
400 38.0526
500 46.0977
600 47.3814
700 51
800 56.3205
900 59.5399
1000 63.5059
1100 68.7314
1200 74.2428
1300 75.1665
1400 77.6466
1500 80.6226
1600 81.6149
1700 84.5931
1800 85.0235
1900 85.5862
2000 88.1192
2100 92.228
2200 94.541
2300 97.0052
2400 99.4636
2500 103.019
2600 103.019
2700 107.005
2800 109.018
2900 110.005
3000 111.005
3100 113
3200 115
3300 117.004
3400 120
3500 122.004
3600 122.066
3700 125.016
3800 126.063
3900 127.035
4000 128.035
4100 129.035
4200 131.015
4300 132.004
4400 133.004
4500 134.004
4600 136
4700 138.091
4800 138.091
4900 138.091
5000 139.09
5100 140.089
5200 140.513
5300 141.51
5400 144.125
5500 145.169
5600 147.122
5700 148.165
5800 148.216
5900 150.12
6000 152.161
100 12.0416
200 17.088
300 24.0832
400 28.6007
500 31.6228
600 35.171
700 38.833
800 40.7922
900 43.566
1000 44.4072
1100 46.8188
1200 48.0521
1300 51.1957
1400 52.8867
1500 53.8516
1600 57.5674
1700 61.0328
1800 61.6847
1900 63.5689
2000 66.4831
2100 66.4831
2200 69.1809
2300 71.0282
2400 73.0548
2500 75.8947
2600 79.4796
2700 81.3449
2800 83.2166
2900 83.2166
3000 85.44
3100 89.8888
3200 92.1141
3300 94.578
3400 95.8593
3500 97.7394
3600 100.305
3700 101.242
3800 103.817
3900 107.564
4000 110.386
4100 111.946
4200 113.217
4300 114.791
4400 116.692
4500 117.644
4600 120.806
4700 124.595
4800 127.472
4900 132.853
5000 133.33
5100 136.356
5200 138.578
5300 138.924
5400 140.118
5500 142.077
5600 142.077
5700 144.18
5800 144.312
5900 146.154
6000 146.54
100 13.4536
200 24.0416
300 29.2062
400 31.9061
500 34.4384
600 37.6962
700 41.2311
800 44.9444
900 48.7032
1000 51.5461
1100 53.1601
1200 56.9386
1300 60.9016
1400 64.5136
1500 68.3081
1600 69.8928
1700 73.3485
1800 77.4919
1900 77.7946
2000 79.0569
2100 80.0062
2200 82.3468
2300 84.0952
2400 85.9069
2500 86.764
2600 88.5664
2700 89.8999
2800 93.145
2900 94.3716
3000 95.6033
3100 97.5141
3200 99.0404
3300 102.201
3400 102.489
3500 102.703
3600 105.575
3700 107.87
3800 109.659
3900 112.45
4000 114.586
4100 116.559
4200 119.52
4300 121.495
4400 125.447
4500 125.766
4600 127.577
4700 129.711
4800 131.848
4900 132.834
5000 134.347
5100 134.937
5200 135.96
5300 136.341
5400 137.539
5500 137.539
5600 139.27
5700 140.036
5800 140.161
5900 142.274
6000 143.136
100 11.4018
200 20.2485
300 25.807
400 29.2062
500 36.4005
600 39.8246
700 42.2019
800 44.5982
900 46.6905
1000 50.3289
1100 55.3173
1200 56.6392
1300 60.208
1400 61.7171
1500 63.1269
1600 64.5368
1700 67.3573
1800 72.8011
1900 74.8465
2000 79.6053
2100 81.8413
2200 84.119
2300 87.6584
2400 91.2414
2500 93.4773
2600 93.4773
2700 95.2943
2800 95.2943
2900 95.7706
3000 99.363
3100 99.4786
3200 102.083
3300 104.317
3400 107.824
3500 110.059
3600 112.294
3700 114.612
3800 116.362
3900 117.72
4000 117.72
4100 123.065
4200 124.908
4300 127.534
4400 129.375
4500 132.593
4600 136.341
4700 137.906
4800 139.818
4900 142.888
5000 143.962
5100 146.728
5200 148.95
5300 149.251
5400 151.476
5500 152.856
5600 154.019
5700 155.322
5800 155.872
5900 157
6000 158.685
100 12.7279
200 18.6011
300 26.1725
400 29.5466
500 37.3363
600 40.1622
700 45.2217
800 47.7598
900 51.5461
1000 55.3624
1100 59.203
1200 62.6418
1300 65.146
1400 66.0984
1500 68.2642
1600 72.111
1700 73.0274
1800 76.0592
1900 80.0562
2000 81.0555
2100 84.1487
2200 88.0511
2300 90.05
2400 92.0217
2500 92.5419
2600 95.0211
2700 96.0052
2800 99.0051
2900 100.02
3000 103.005
3100 106.005
3200 107.019
3300 109.005
3400 111.005
3500 112.004
3600 115.004
3700 115.004
3800 117.004
3900 122.004
4000 126
4100 127
4200 127.016
4300 129.035
4400 132.034
4500 134.06
4600 137.091
4700 141.057
4800 143.087
4900 143.087
5000 144.087
5100 146.123
5200 149.121
5300 150.12
5400 151.053
5500 152.053
5600 153.082
5700 156.013
5800 159.013
5900 163.012
6000 165.012
100 16
200 19.2354
300 24.0208
400 29.0172
500 32.0156
600 35.3553
700 38.5876
800 41.7852
900 45.607
1000 50.0899
1100 53.0848
1200 57.0351
1300 60.075
1400 66.0681
1500 67.0671
1600 69.0652
1700 70.1142
1800 73.1095
1900 75.1665
2000 78.1601
2100 78.6384
2200 82.6075
2300 84.5931
2400 88.5664
2500 92.6553
2600 93.771
2700 94.5304
2800 96.6282
2900 97.6217
3000 99.4082
3100 99.4082
3200 100.688
3300 103.581
3400 105.513
3500 106.48
3600 108.416
3700 111.324
3800 112.294
3900 117.154
4000 118.878
4100 118.878
4200 119.641
4300 120.83
4400 121.807
4500 124.535
4600 125.634
4700 126.372
4800 128.32
4900 129.522
5000 132.22
5100 132.22
5200 132.91
5300 133.881
5400 137.364
5500 138.514
5600 141.439
5700 143.391
5800 144.81
5900 146.537
6000 147.513
100 14.3178
200 21.1896
300 25.6125
400 32.2025
500 35.5106
600 38.6264
700 44.0114
800 45.31
900 49.3356
1000 51.0392
1100 54.5711
1200 57
1300 59.0085
1400 63.0317
1500 66.0303
1600 68
1700 72.0278
1800 75.0267
1900 76.0263
2000 79.0253
2100 83.0241
2200 83.0542
2300 87.0517
2400 89.202
2500 89.2749
2600 91.2688
2700 92.2659
2800 94.4299
2900 96.421
3000 98.5089
3100 101.966
3200 103.947
3300 104.393
3400 106.532
3500 107.517
3600 109.444
3700 109.659
3800 110.635
3900 113.78
4000 115.521
4100 116.297
4200 117.277
4300 117.277
4400 118.457
4500 119.641
4600 120.075
4700 121.05
4800 123
4900 124.952
5000 127.122
5100 132.004
5200 132.981
5300 133.959
5400 134.937
5500 136.693
5600 139.058
5700 141.014
5800 141.993
5900 141.993
6000 144.069
100 15
200 22.8035
300 28.4253
400 31.241
500 36.2353
600 38.2753
700 43.4166
800 51.2445
900 52.2398
1000 54.3323
1100 57.1402
1200 60.208
1300 61.2944
1400 63.2851
1500 65.1153
1600 67.7422
1700 70.1783
1800 71.5681
1900 74.2024
2000 76.6942
2100 80.1561
2200 82.2192
2300 84.2912
2400 85.703
2500 87.9659
2600 87.9659
2700 88.4138
2800 89.8276
2900 91.5478
3000 94.2603
3100 96.2601
3200 97.7446
3300 98.4124
3400 101.863
3500 104.005
3600 104.69
3700 106.794
3800 109.225
3900 109.877
4000 111.396
4100 112.699
4200 113.846
4300 116.4
4400 117.004
4500 120.208
4600 121.606
4700 121.828
4800 123.458
4900 124.619
5000 126.016
5100 126.606
5200 129.275
5300 129.85
5400 132.853
5500 135.624
5600 136.741
5700 137.306
5800 140.901
5900 141.739
6000 142.58
100 17.1172
200 23.1948
300 28.1603
400 35.1283
500 40.05
600 46.0435
700 48.1664
800 49.2544
900 56.2228
1000 61.0737
1100 64.0703
1200 65.3758
1300 69.0652
1400 69.3542
1500 70.0071
1600 72
1700 74
1800 75.0067
1900 77.1038
2000 78.2624
2100 79.2465
2200 80.5047
2300 82.9699
2400 84.0119
2500 87.3613
2600 89.7385
2700 92.6499
2800 94.5939
2900 95.5667
3000 96.7729
3100 97.8621
3200 99.4636
3300 99.4636
3400 101.637
3500 106.042
3600 108.849
3700 109.932
3800 110.055
3900 111
4000 113.088
4100 115.317
4200 116.078
4300 120.702
4400 122.197
4500 122.197
4600 122.56
4700 123.859
4800 123.859
4900 126.016
5000 128.693
5100 130.545
5200 131.32
5300 132.034
5400 133.899
5500 134.833
5600 137.058
5700 138.235
5800 139.463
5900 143
6000 145.231
100 14.3178
200 23.1948
300 27.0185
400 31.0644
500 33.2415
600 37.108
700 40.025
800 43.8634
900 48.0833
1000 52.2015
1100 54.1202
1200 55.9732
1300 58.5235
1400 59.9083
1500 60.7454
1600 62.9682
1700 68.942
1800 72.0902
1900 75.1798
2000 77.5242
2100 79.925
2200 83.3547
2300 85.235
2400 89.3588
2500 91.0659
2600 92.6553
2700 95.3834
2800 98.27
2900 99.4786
3000 101.514
3100 102.078
3200 104.862
3300 106.254
3400 107.415
3500 110.386
3600 111.503
3700 112.058
3800 112.894
3900 113.991
4000 114.826
4100 118.512
4200 121.078
4300 122.642
4400 124.68
4500 126.57
4600 127.945
4700 128.798
4800 128.798
4900 130.511
5000 132.74
5100 132.74
5200 135.326
5300 135.831
5400 137.557
5500 140.293
5600 141.662
5700 144.402
5800 145.619
5900 147.353
6000 148.223
100 12.1655
200 22.0907
300 26.1725
400 29.2746
500 34.1321
600 38.4708
700 42.107
800 45.0999
900 52.0865
1000 55.0818
1100 56.0803
1200 57.7235
1300 58.2495
1400 62.2896
1500 64.3817
1600 67.082
1700 70.3491
1800 72.45
1900 74.6726
2000 77.8332
2100 79.7621
2200 84.5931
2300 86.5794
2400 86.7006
2500 88.2836
2600 89.822
2700 91.5478
2800 96.0052
2900 96.933
3000 98.6154
3100 101.966
3200 103.947
3300 107.912
3400 110.887
3500 112.009
3600 115.117
3700 118.229
3800 119.52
3900 120.839
4000 122.188
4100 126.289
4200 129.553
4300 130.541
4400 131.381
4500 134.213
4600 135.204
4700 135.945
4800 137.931
4900 139.832
5000 141.792
5100 141.993
5200 143.892
5300 148.314
5400 150.867
5500 151.822
5600 152.778
5700 156.32
5800 157.563
5900 158.24
6000 158.521
100 12.8062
200 18.3576
300 25.02
400 29.0172
500 33.2866
600 36.8782
700 39.6232
800 43.7379
900 48.5077
1000 53.1601
1100 56.648
1200 59.1354
1300 61.6847
1400 63.2456
1500 67.9117
1600 72.0347
1700 77.8781
1800 78.8543
1900 81.0247
2000 83.4326
2100 85.1469
2200 87.0976
2300 88.7694
2400 90.2497
2500 93.4077
2600 94.6414
2700 97.1442
2800 98.0816
2900 101.843
3000 105.005
3100 108.849
3200 108.849
3300 109.417
3400 113.842
3500 115.802
3600 117.546
3700 118.474
3800 118.68
3900 125.355
4000 126.874
4100 127.945
4200 128.413
4300 129.356
4400 129.356
4500 130.602
4600 131.848
4700 133.154
4800 136.971
4900 139.714
5000 141.852
5100 144.506
5200 146.741
5300 148.556
5400 149.402
5500 150.376
5600 152.201
5700 153.114
5800 154.029
5900 156.78
6000 157.699
100 15.8114
200 23.7697
300 28.1603
400 32.28
500 36.0139
600 39.0512
700 44.1475
800 48.5077
900 50.8035
1000 54.9181
1100 57.0701
1200 62.1691
1300 63.1506
1400 67.6831
1500 69.1231
1600 69.1231
1700 70.8308
1800 76.4003
1900 79.0759
2000 84.4038
2100 86.122
2200 87.8009
2300 90.802
2400 92.4446
2500 95.352
2600 99.2018
2700 99.8248
2800 101.98
2900 107.87
3000 110.218
3100 111.4
3200 113.358
3300 115.317
3400 117.686
3500 120.416
3600 120.619
3700 122.188
3800 123.179
3900 126.02
4000 128.133
4100 131.24
4200 133.09
4300 138.051
4400 141.028
4500 142.274
4600 143.402
4700 144.838
4800 146.513
4900 147.503
5000 149.482
5100 150.473
5200 152.453
5300 153.834
5400 154.829
5500 156.554
5600 157.544
5700 157.544
5800 159.812
5900 161.112
6000 164.402
100 13.6015
200 20.1246
300 23.0868
400 30.4138
500 35.3412
600 39.9249
700 47.8017
800 50.9902
900 55.3173
1000 59.2284
1100 60.208
1200 63.1506
1300 66.4906
1400 69.6348
1500 71.5681
1600 74.4648
1700 77.3692
1800 81.2527
1900 83.1986
2000 84.9294
2100 85.6154
2200 89.0225
2300 89.2861
2400 91.9239
2500 94.8314
2600 96.3016
2700 97.7446
2800 99.925
2900 100.663
3000 102.611
3100 102.611
3200 104.785
3300 105.759
3400 107.935
3500 109.142
3600 110.856
3700 112.805
3800 117.478
3900 119.854
4000 121.807
4100 123.762
4200 124.74
4300 126.606
4400 128.55
4500 131.939
4600 133.417
4700 137.033
4800 138.246
4900 140.684
5000 140.688
5100 142.618
5200 143.586
5300 144.641
5400 147.221
5500 147.221
5600 150.137
5700 151.344
5800 153.525
5900 156.438
6000 156.438
100 16.7631
200 23.7697
300 30.0167
400 32.5269
500 35.5106
600 41.1947
700 44.1814
800 46.6905
900 51.8845
1000 57.2713
1100 59.6154
1200 63.9062
1300 69.2892
1400 70.5762
1500 71.8679
1600 74.0945
1700 78.7909
1800 80.1124
1900 81.0247
2000 83.1986
2100 86.764
2200 87.6641
2300 89.0505
2400 89.4707
2500 91.7061
2600 92.6607
2700 97.1236
2800 98.0816
2900 100
3000 102.201
3100 103.16
3200 103.846
3300 106.042
3400 107.703
3500 109.636
3600 110.354
3700 111.571
3800 112.539
3900 112.641
4000 113.6
4100 113.886
4200 117.154
4300 120.004
4400 122.004
4500 122.004
4600 125.634
4700 127.094
4800 127.613
4900 130.269
5000 130.269
5100 134.172
5200 135.366
5300 136.795
5400 139.488
5500 141.439
5600 142.201
5700 143.611
5800 145.784
5900 146.758
6000 147.959
100 18.4391
200 23.7697
300 26.8328
400 34.5398
500 41.3401
600 46.1411
700 49.6488
800 54.1295
900 56.4624
1000 60.0083
1100 64.0781
1200 69.4622
1300 72.0902
1400 74.3236
1500 77.0779
1600 79.3095
1700 81.939
1800 82.4621
1900 86.0058
2000 86.8159
2100 88.6397
2200 89.5545
2300 89.8999
2400 93.0376
2500 93.9415
2600 94.3663
2700 96.2549
2800 100.955
2900 103.465
3000 104.307
3100 105.152
3200 106.231
3300 108.227
3400 109.986
3500 111.396
3600 113.278
3700 116.103
3800 116.846
3900 117.593
4000 118.33
4100 118.68
4200 120.487
4300 121.083
4400 123.329
4500 125.228
4600 126.178
4700 127.44
4800 128.39
4900 129.653
5000 131.244
5100 133.765
5200 136.616
5300 138.521
5400 141.039
5500 141.039
5600 142.302
5700 142.941
5800 144.25
5900 146.455
6000 147.122
100 13.4164
200 20.2485
300 25
400 31.1127
500 34.0588
600 36.8782
700 44.8219
800 46.8615
900 50.448
1000 54.037
1100 58
1200 60.8769
1300 63.6553
1400 67.2086
1500 70.0928
1600 72.3464
1700 74.411
1800 75.9276
1900 77.9872
2000 78.6448
2100 79.3095
2200 81.6088
2300 83.006
2400 84.3149
2500 85.44
2600 87.1321
2700 87.1321
2800 87.6584
2900 92.0054
3000 93.0054
3100 96
3200 97.0206
3300 100.005
3400 101
3500 104
3600 106.005
3700 107.005
3800 108.005
3900 111.005
4000 115.017
4100 116.004
4200 117.004
4300 119.004
4400 119.004
4500 121.017
4600 123.016
4700 124.004
4800 125.004
4900 126.004
5000 127.004
5100 128
5200 128
5300 134.004
5400 136.004
5500 137.004
5600 137.004
5700 138.004
5800 139.014
5900 140.032
6000 142.032
100 18.2483
200 22.561
300 26.1725
400 32.7567
500 34.9857
600 39.4462
700 43.4166
800 47.4236
900 52.9245
1000 55.6597
1100 56.6127
1200 59.4643
1300 60.407
1400 63.0635
1500 66.0984
1600 67.72
1700 72.5328
1800 75.6902
1900 77.201
2000 80.604
2100 83.3607
2200 85.5102
2300 86.4928
2400 88.5664
2500 89.56
2600 91.444
2700 94.578
2800 98.3514
2900 102.318
3000 104
3100 105.948
3200 105.948
3300 108.747
3400 108.784
3500 111
3600 111.665
3700 112.947
3800 113.296
3900 117.047
4000 118.106
4100 119.403
4200 121.264
4300 123.491
4400 125.591
4500 127.906
4600 129.711
4700 132.834
4800 134.807
4900 135.636
5000 137.321
5100 138.452
5200 140.431
5300 140.431
5400 141.421
5500 141.905
5600 143.136
5700 146.113
5800 146.113
5900 149.091
6000 149.967
100 17.2627
200 22.0227
300 26.4197
400 30.8707
500 36.3593
600 41.2311
700 46.2277
800 52.4309
900 57.1402
1000 60.0333
1100 61.4003
1200 62.6498
1300 64.6607
1400 65.192
1500 68.4763
1600 71.1196
1700 72.0069
1800 74.686
1900 77.8203
2000 80.5295
2100 81.8841
2200 84.5991
2300 86.8332
2400 87.7097
2500 90.3549
2600 93.4773
2700 95.7131
2800 97.5295
2900 101.597
3000 102.956
3100 105.19
3200 105.19
3300 106.066
3400 107.042
3500 107.912
3600 109.275
3700 111.14
3800 111.14
3900 112.508
4000 114.39
4100 116.056
4200 117.004
4300 118.309
4400 120.652
4500 121.758
4600 123.968
4700 125.032
4800 128.281
4900 129.375
5000 132.076
5100 132.608
5200 134.833
5300 136.528
5400 136.752
5500 137.379
5600 138.232
5700 140.982
5800 144.402
5900 146.986
6000 148.354
100 12.1655
200 19.799
300 25.9615
400 30.6757
500 35.7771
600 39.9625
700 41.5933
800 45.6946
900 47.927
1000 49.2443
1100 52.3927
1200 55.5428
1300 58.3095
1400 61.8466
1500 63.561
1600 64.405
1700 67.6757
1800 69.6348
1900 71.0282
2000 73.8173
2100 75.4718
2200 77.3886
2300 79.0759
2400 81.0062
2500 84.534
2600 87.6584
2700 88.5494
2800 89.9444
2900 94.3663
3000 96.1509
3100 98.387
3200 99.7447
3300 99.8098
3400 100.722
3500 101.966
3600 103.47
3700 106.231
3800 107.019
3900 109.59
4000 110.168
4100 112.004
4200 116.078
4300 117.924
4400 120.333
4500 121.264
4600 122.56
4700 125.718
4800 126.649
4900 130.035
5000 131.674
5100 133.795
5200 134.737
5300 135.351
5400 135.665
5500 136.356
5600 138.514
5700 139.46
5800 140.118
5900 141.354
6000 142.302
100 13
200 18.3848
300 26.4764
400 35.3553
500 42.2966
600 46.5296
700 50.2494
800 51.3517
900 55.3624
1000 59.4643
1100 62.9365
1200 67.0522
1300 68.0074
1400 69.2604
1500 71.6938
1600 75.3923
1700 78.5493
1800 80.4114
1900 85.6154
2000 86.539
2100 90.7579
2200 92.3472
2300 93.3006
2400 97.1236
2500 101.193
2600 104.403
2700 109.202
2800 111.234
2900 112.004
3000 112.925
3100 115.551
3200 117.631
3300 118.068
3400 118.072
3500 121.672
3600 122.776
3700 125.24
3800 127.047
3900 128.378
4000 129.283
4100 129.283
4200 131.095
4300 132.914
4400 133.33
4500 135.989
4600 137.884
4700 138.798
4800 141.032
4900 141.947
5000 143.388
5100 144.18
5200 144.18
5300 145.399
5400 146.895
5500 147.58
5600 148.772
5700 150.283
5800 152.161
5900 152.201
6000 154.353
100 13.4536
200 20.8806
300 27.2029
400 30.8058
500 35.4401
600 37.6431
700 41.4367
800 47.1275
900 48.7647
1000 51.2445
1100 53.8516
1200 56.7539
1300 59.7746
1400 62.6259
1500 64.3273
1600 67.082
1700 68.8767
1800 71.5891
1900 73.4098
2000 75.7694
2100 77.6209
2200 80.6226
2300 82.4621
2400 84.6936
2500 86.0058
2600 87.8465
2700 92.0272
2800 92.0272
2900 95.8593
3000 99.2975
3100 100.568
3200 101.607
3300 103.73
3400 106.705
3500 109.49
3600 112.614
3700 114.586
3800 115.572
3900 117.546
4000 121.342
4100 122.188
4200 122.188
4300 123.628
4400 124.459
4500 124.78
4600 126.921
4700 128.265
4800 130.419
4900 130.614
5000 131.594
5100 132.442
5200 133.417
5300 133.81
5400 134.715
5500 135.724
5600 139.27
5700 140.246
5800 141.439
5900 142.215
6000 144.184
100 11.7047
200 19.2354
300 27.1662
400 30.4138
500 31.4006
600 33.3766
700 36.4966
800 38.6264
900 44.2832
1000 49.0306
1100 53.3104
1200 55.7315
1300 57.7062
1400 63.5059
1500 64.4981
1600 64.5136
1700 68.0074
1800 69.2604
1900 72.4224
2000 75.8947
2100 77.201
2200 78.848
2300 79.6241
2400 82.3468
2500 85.6154
2600 86.539
2700 86.9253
2800 88.955
2900 89.8888
3000 91.7606
3100 93.0484
3200 93.0484
3300 94.921
3400 95.6347
3500 97.3293
3600 97.719
3700 99.4082
3800 100.975
3900 104.087
4000 105.076
4100 106.212
4200 107.838
4300 108.503
4400 109.49
4500 110.318
4600 113.159
4700 116.155
4800 121.066
4900 125.004
5000 126.004
5100 127.004
5200 130.004
5300 132.034
5400 133.004
5500 135.059
5600 139.09
5700 139.09
5800 140.129
5900 141.089
6000 142.088
100 13.4536
200 19.6977
300 23.6008
400 29
500 32.5576
600 33.9706
700 40
800 42.2019
900 48.0208
1000 49.6488
1100 51
1200 54.1202
1300 57.7062
1400 60.5392
1500 63.9531
1600 68.4251
1700 70.214
1800 72.4983
1900 75.6439
2000 78.7909
2100 80.6226
2200 83.672
2300 86.9253
2400 87.8465
2500 93.6216
2600 94.8472
2700 97.9439
2800 100.722
2900 101.966
3000 105.551
3100 105.551
3200 106.471
3300 108.227
3400 110.463
3500 112.699
3600 113.596
3700 115.832
3800 118.962
3900 122.544
4000 124.78
4100 126.115
4200 128.351
4300 130.146
4400 131.947
4500 133.282
4600 134.659
4700 136.894
4800 136.894
4900 141.032
5000 142.352
5100 142.762
5200 143.673
5300 149.054
5400 150.791
5500 152.542
5600 156.263
5700 156.263
5800 157.582
5900 160.73
6000 161.645
100 13.9284
200 16.1555
300 20.2485
400 26
500 29.0689
600 34.5254
700 38.0789
800 40.4475
900 44.2832
1000 48.3735
1100 50.4876
1200 57.2451
1300 61.0328
1400 62.6259
1500 64.846
1600 66.1287
1700 69.0797
1800 72.0902
1900 75.7694
2000 77.6209
2100 79.3095
2200 81.7068
2300 83.8153
2400 85.0706
2500 86.0058
2600 86.7295
2700 88.955
2800 90.2497
2900 92.0217
3000 94.0213
3100 95.0211
3200 95.0211
3300 97.1236
3400 99.0808
3500 100.08
3600 102.157
3700 102.883
3800 105.309
3900 107.541
4000 108.462
4100 109.252
4200 110.982
4300 113.217
4400 114.543
4500 114.543
4600 116.297
4700 117.631
4800 120.748
4900 120.748
5000 122.54
5100 123.879
5200 125.22
5300 126.115
5400 127.456
5500 131.061
5600 132.834
5700 133.724
5800 134.614
5900 136.858
6000 139.284
100 11.4018
200 20.2237
300 26.1725
400 34.1321
500 36.3456
600 39.2046
700 41.1947
800 47.0106
900 50.6063
1000 53
1100 57.1402
1200 60.5392
1300 63.6318
1400 63.6318
1500 66.242
1600 67.6018
1700 69.4622
1800 72.0902
1900 76.1577
2000 80.5295
2100 83.006
2200 85.4927
2300 86.7295
2400 87.9204
2500 89.9611
2600 90.05
2700 92.0489
2800 94.0213
2900 95.7183
3000 96.2549
3100 99.0202
3200 99.0353
3300 100.955
3400 102.65
3500 106.254
3600 106.254
3700 106.832
3800 107.466
3900 110.549
4000 111.647
4100 112.641
4200 115.624
4300 117.614
4400 117.835
4500 118.828
4600 119.821
4700 120.934
4800 123.045
4900 125.16
5000 125.16
5100 128.763
5200 130.863
5300 132.966
5400 133.222
5500 133.36
5600 135.484
5700 135.831
5800 136.825
5900 136.825
6000 136.938
100 15.1327
200 23.3452
300 31.1448
400 38.2099
500 41.1947
600 46.5296
700 54.4518
800 58.3095
900 61.2046
1000 64.3817
1100 69.3542
1200 71.4493
1300 73.437
1400 75.4255
1500 78.4092
1600 78.5175
1700 82.4924
1800 84.3801
1900 86.977
2000 89.9444
2100 91.7878
2200 93.0591
2300 94.6414
2400 99.6092
2500 101.966
2600 104.087
2700 105.38
2800 105.38
2900 106.513
3000 108.462
3100 109.458
3200 111.544
3300 113.635
3400 114.215
3500 116.276
3600 119.419
3700 120.416
3800 122.972
3900 127.424
4000 131.24
4100 132.673
4200 134.729
4300 136.825
4400 137.931
4500 141.598
4600 141.598
4700 144.499
4800 145.496
4900 146.578
5000 147.489
5100 147.489
5200 150.083
5300 150.96
5400 152.191
5500 153.834
5600 155.929
5700 156.924
5800 158.912
5900 162.003
6000 163.783
100 13.6015
200 26.5707
300 32.7567
400 36.4966
500 39.3573
600 45.1885
700 48.7545
800 52.0096
900 57.9396
1000 61.9839
1100 64.846
1200 71.1688
1300 74.2159
1400 76.6551
1500 78.1601
1600 81.3941
1700 83.0241
1800 85.3288
1900 86.3134
2000 87.1321
2100 87.9659
2200 90.1998
2300 94.2603
2400 94.5304
2500 95.6347
2600 97.0464
2700 97.8673
2800 99.4082
2900 99.4082
3000 101.607
3100 104.738
3200 105.721
3300 105.906
3400 106.888
3500 107.87
3600 109.836
3700 111.221
3800 112.969
3900 114.28
4000 116.349
4100 117.427
4200 118.423
4300 119.419
4400 120.416
4500 120.416
4600 121.499
4700 123.584
4800 124.68
4900 125.674
5000 127.664
5100 127.664
5200 128.561
5300 129.557
5400 131.548
5500 131.643
5600 134.729
5700 135.945
5800 136.719
5900 137.713
6000 138.708
100 13.8924
200 20.6155
300 25.7099
400 30.0167
500 33.5261
600 37.3363
700 40.7063
800 44.9444
900 46.0652
1000 49.6488
1100 51.3128
1200 53.4883
1300 55.7584
1400 61.3514
1500 65.146
1600 67.72
1700 67.7791
1800 71.1688
1900 74.0405
2000 77.8845
2100 81.3204
2200 82.2253
2300 85.3815
2400 86.6487
2500 90.1388
2600 94.6414
2700 95.5092
2800 95.6033
2900 98.2344
3000 101.139
3100 103.078
3200 104.547
3300 106.367
3400 109.636
3500 110.68
3600 114.481
3700 115.434
3800 118.33
3900 118.68
4000 120.208
4100 122.123
4200 125
4300 127.781
4400 129.341
4500 130.602
4600 131.605
4700 132.563
4800 133.664
4900 134.123
5000 134.852
5100 136.4
5200 137.641
5300 138.6
5400 139.291
5500 142.225
5600 143.108
5700 144.028
5800 144.931
5900 146.741
6000 147.231
100 17.1172
200 26.3059
300 30.1496
400 32.573
500 35.8469
600 44.2832
700 48.1664
800 52.9528
900 54.3415
1000 58.5235
1100 60.4401
1200 65
1300 69.857
1400 73.7564
1500 77.666
1600 81.5843
1700 82.3772
1800 85
1900 85.9884
2000 90.2441
2100 91.6788
2200 94.1116
2300 95.0789
2400 97.0155
2500 98.0816
2600 100.18
2700 103.16
2800 105.081
2900 108.24
3000 112.641
3100 114.285
3200 114.285
3300 114.285
3400 118.962
3500 120.88
3600 121.84
3700 123.491
3800 123.491
3900 127.35
4000 130
4100 130.729
4200 131.605
4300 133.15
4400 135.665
4500 136.616
4600 139.14
4700 141.039
4800 141.683
4900 143.252
5000 144.516
5100 146.103
5200 146.103
5300 146.103
5400 147.054
5500 147.719
5600 149.345
5700 150.987
5800 151.347
5900 153.013
6000 153.013
100 16.0312
200 20.2237
300 31.0483
400 37.3363
500 40.2492
600 42.19
700 45.1774
800 51.8941
900 56.356
1000 57.3062
1100 59.9416
1200 61.7171
1300 62.6099
1400 63.9531
1500 67.5352
1600 70.2282
1700 72.4707
1800 74.6726
1900 76.6942
2000 79.3095
2100 80.7775
2200 81.7068
2300 86.2844
2400 86.2844
2500 90.05
2600 92.5905
2700 94.8262
2800 97.0464
2900 98.8433
3000 102.416
3100 104.216
3200 104.695
3300 108.337
3400 112.539
3500 114.948
3600 115.879
3700 116.469
3800 118.309
3900 119.62
4000 123.065
4100 123.976
4200 128.55
4300 131.309
4400 133.933
4500 133.933
4600 134.852
4700 135.989
4800 138.924
4900 140.769
5000 143.736
5100 145.602
5200 146.537
5300 147.628
5400 149.696
5500 152.506
5600 154.146
5700 154.729
5800 156.605
5900 157.544
6000 159.424
100 12
200 16.5529
300 23.3452
400 27.6586
500 33.2415
600 35.7351
700 39.9249
800 42.1545
900 46.5296
1000 47.5079
1100 50.448
1200 53.0377
1300 55.2268
1400 56.0803
1500 57.9828
1600 59.397
1700 62.3699
1800 64.3273
1900 66.6408
2000 67.5352
2100 70.8308
2200 73.2462
2300 75.7166
2400 77.666
2500 81.8413
2600 83.4086
2700 84.2021
2800 87.4586
2900 89.4986
3000 92.4554
3100 92.957
3200 94.921
3300 96.5401
3400 98.4937
3500 101.98
3600 101.98
3700 102.65
3800 104.062
3900 106.217
4000 106.527
4100 108.074
4200 111.288
4300 112.045
4400 114.11
4500 115.521
4600 115.521
4700 115.521
4800 117.796
4900 118.562
5000 120.104
5100 121.495
5200 122.147
5300 124.258
5400 125.096
5500 127.318
5600 128.16
5700 129.653
5800 131.548
5900 132.401
6000 136.004
100 15.0333
200 21
300 26.0192
400 30.0167
500 33.2415
600 35.3553
700 42.5441
800 46.6476
900 48.8774
1000 53
1100 54.3783
1200 57.2189
1300 59.0593
1400 62.1289
1500 65.2763
1600 67.3647
1700 67.6018
1800 69.1809
1900 71.1758
2000 73.0068
2100 75.0067
2200 76.0263
2300 78.0064
2400 79.0063
2500 80
2600 82
2700 84.006
2800 85.0059
2900 87.023
3000 90.0222
3100 90.9065
3200 92.2009
3300 92.2009
3400 94.3663
3500 95.1315
3600 96.5401
3700 98.8585
3800 99.6393
3900 101.828
4000 106.4
4100 109.202
4200 111.018
4300 114.202
4400 116.25
4500 118.461
4600 119.281
4700 120.801
4800 121.495
4900 124.535
5000 125.1
5100 126.194
5200 127.028
5300 127.581
5400 130.357
5500 131.765
5600 135.074
5700 135.912
5800 138.755
5900 141.834
6000 143.892
100 11.4018
200 17.8045
300 23.4307
400 27.8927
500 33.2415
600 36.8917
700 39.3954
800 42.4264
900 46.6905
1000 48.1664
1100 49.5177
1200 53.3385
1300 56.8243
1400 59.9416
1500 62.6498
1600 67.5352
1700 70.6612
1800 72.9178
1900 76.4003
2000 77.6209
2100 78.3901
2200 80.604
2300 82.201
2400 85.5628
2500 88.4138
2600 91.2195
2700 91.9674
2800 94.6678
2900 95.5249
3000 97.2471
3100 98.6154
3200 99.985
3300 101.533
3400 104.809
3500 105.109
3600 107.912
3700 108.849
3800 112.009
3900 113.296
4000 114.232
4100 115.521
4200 115.767
4300 117.393
4400 118.68
4500 120.905
4600 122.776
4700 124.652
4800 127.224
4900 128.752
5000 130.545
5100 132.231
5200 134.629
5300 135.558
5400 137.786
5500 137.786
5600 139.176
5700 139.846
5800 141.908
5900 141.908
6000 142.762
100 19.2354
200 25
300 30
400 35.5106
500 41.7732
600 46.8722
700 50.01
800 56.4358
900 59.3043
1000 60.8276
1100 63.3482
1200 65.0308
1300 67.1193
1400 72.2496
1500 74.1687
1600 78.1025
1700 86.209
1800 89.202
1900 92.3472
2000 96.3328
2100 98.326
2200 100.404
2300 101.71
2400 101.71
2500 106.066
2600 108.342
2700 109.33
2800 112.009
2900 112.872
3000 114.856
3100 116.842
3200 117.72
3300 118.714
3400 121.594
3500 124.579
3600 126.57
3700 126.57
3800 127.769
3900 130.863
4000 131.973
4100 136.066
4200 139.043
4300 139.918
4400 141.905
4500 142.021
4600 144.586
4700 145.674
4800 150.652
4900 150.652
5000 152.266
5100 155.261
5200 157.258
5300 158.256
5400 161.251
5500 162.25
5600 163.441
5700 164.438
5800 166.589
5900 167.672
6000 169.071
100 14.3178
200 21.3776
300 26.6833
400 31.0161
500 36
600 38.9102
700 44.7214
800 48.3322
900 53.2259
1000 57.2713
1100 60.0083
1200 65.3911
1300 67.4166
1400 69.857
1500 73.0068
1600 77.0779
1700 80.9938
1800 83.006
1900 86.3771
2000 91.0824
2100 94.2444
2200 96.1353
2300 100.285
2400 104.12
2500 106.32
2600 106.607
2700 109.768
2800 111.683
2900 113.323
3000 114.56
3100 116.387
3200 117.341
3300 120.208
3400 122.711
3500 124.92
3600 124.92
3700 124.92
3800 126.178
3900 127.487
4000 128.16
4100 130.035
4200 130.74
4300 131.913
4400 133.462
4500 136.297
4600 137.244
4700 139.786
4800 142.088
4900 144.516
5000 146.731
5100 148.061
5200 148.061
5300 149.345
5400 152.161
5500 152.161
5600 154.042
5700 154.984
5800 157.813
5900 158.146
6000 158.483
100 14.7648
200 21.4009
300 28.6531
400 33.0151
500 38.0789
600 42.19
700 43.8292
800 46.2277
900 50.0899
1000 52.3259
1100 53.8145
1200 56.7979
1300 58.6003
1400 61.4003
1500 63.8201
1600 65
1700 66.7083
1800 68.884
1900 72.0069
2000 72.6223
2100 73.8241
2200 76.9415
2300 80.4984
2400 85.0882
2500 89.1572
2600 91.9239
2700 94.541
2800 94.9368
2900 98.2344
3000 101.39
3100 106.042
3200 106.977
3300 109.005
3400 110.309
3500 112.539
3600 114.39
3700 115.767
3800 118.596
3900 120.814
4000 121.758
4100 124.619
4200 126.242
4300 129.12
4400 131.735
4500 131.735
4600 132.699
4700 134.123
4800 134.629
4900 136.561
5000 138.495
5100 138.495
5200 140.456
5300 141.739
5400 143.611
5500 145.561
5600 146.322
5700 149.255
5800 150.233
5900 152.398
6000 155.541
100 19.6977
200 25.4951
300 31.4006
400 36.8782
500 41.0366
600 43.1741
700 46.7547
800 49.0408
900 53.8516
1000 58.6941
1100 61.0328
1200 63.0079
1300 64.405
1400 68.2422
1500 71.2811
1600 72.111
1700 74.6257
1800 78.2368
1900 79.8812
2000 82.6801
2100 83.2166
2200 84.3801
2300 86.2844
2400 87.6584
2500 88.6848
2600 89.6939
2700 92.7847
2800 93.6483
2900 94.5145
3000 97.1288
3100 98.8838
3200 99.7647
3300 99.7647
3400 99.7647
3500 99.985
3600 103.247
3700 104.623
3800 106
3900 106
4000 107.703
4100 108.227
4200 109.078
4300 111.14
4400 112.872
4500 113.252
4600 114.272
4700 115.884
4800 118.714
4900 120.416
5000 120.569
5100 122.332
5200 122.967
5300 124.342
5400 127.424
5500 129.139
5600 131.548
5700 133.255
5800 134.97
5900 136.004
6000 137.058
100 16.4012
200 23.8537
300 27.8029
400 31.1448
500 35.4401
600 41.7612
700 44.643
800 49.7293
900 55.5428
1000 63.561
1100 66.4831
1200 70.6116
1300 71.5891
1400 75.8947
1500 77.4919
1600 77.4919
1700 80.7775
1800 81.5414
1900 82.9759
2000 84.9294
2100 86.8332
2200 90.9175
2300 93.5361
2400 95.2943
2500 96.2549
2600 97.7548
2700 99.1262
2800 101.237
2900 102.215
3000 103.586
3100 104.809
3200 106.832
3300 109.859
3400 109.859
3500 111.252
3600 111.83
3700 115.109
3800 116.276
3900 119.67
4000 121.754
4100 122.495
4200 123.988
4300 126.372
4400 127.287
4500 130.108
4600 130.863
4700 130.863
4800 131.59
4900 133.056
5000 135.281
5100 137.295
5200 137.931
5300 139.345
5400 142.144
5500 145.691
5600 147.868
5700 148.6
5800 150.748
5900 152.84
6000 155.795
100 11.7047
200 20.6155
300 26.0768
400 28.4605
500 32.0156
600 35.1283
700 38.3275
800 43.4166
900 45.5412
1000 48.8365
1100 52.6118
1200 53.6004
1300 56.7186
1400 59.6825
1500 60.8276
1600 63.1981
1700 66.2722
1800 69.0652
1900 70.1142
2000 71.1126
2100 73.1095
2200 74.108
2300 77.026
2400 78.1025
2500 80.1561
2600 82.1523
2700 84.1487
2800 87.0517
2900 87.1436
3000 91.0494
3100 93.086
3200 95.0474
3300 96.0208
3400 97.0206
3500 98.0816
3600 101.02
3700 103.005
3800 104.005
3900 105.005
4000 106.005
4100 108.005
4200 109
4300 110
4400 112.73
4500 114.07
4600 115.039
4700 116.469
4800 118.309
4900 120.154
5000 121.926
5100 123.911
5200 123.911
5300 125.897
5400 129.988
5500 131.107
5600 131.107
5700 133.634
5800 134.629
5900 135.68
6000 136.015
100 19.0263
200 23.0217
300 31.0161
400 38.1182
500 42.0476
600 48.1664
700 50.04
800 54.3323
900 57.5587
1000 59.2115
1100 61.0737
1200 62.1289
1300 66.1211
1400 67.3647
1500 68.3593
1600 69.4622
1700 71.1196
1800 73.5391
1900 76.3217
2000 78.032
2100 79.4796
2200 80.455
2300 83.2166
2400 86.0349
2500 88.6002
2600 90.1998
2700 91.5478
2800 93.8616
2900 96.2133
3000 98.4073
3100 102
3200 103.005
3300 104.623
3400 106.569
3500 108.665
3600 111.544
3700 112.641
3800 113.071
3900 114.739
4000 115.732
4100 118.95
4200 122.801
4300 124.904
4400 126.89
4500 128.876
4600 129.988
4700 132.966
4800 134.952
4900 138.813
5000 139.918
5100 141.283
5200 143.136
5300 145.248
5400 145.248
5500 147.489
5600 147.574
5700 148.408
5800 149.656
5900 153.639
6000 154.635
100 15.2971
200 20.6155
300 28.6356
400 33.2415
500 35.9026
600 38.0789
700 39.3954
800 41.6293
900 44.911
1000 48.1664
1100 50.9313
1200 52.4976
1300 54.2033
1400 57.4891
1500 59.5399
1600 63.1269
1700 66.3702
1800 69.2604
1900 71.1126
2000 71.1126
2100 73.1095
2200 75.1066
2300 75.6637
2400 79.0759
2500 80.2309
2600 82.9759
2700 86.3481
2800 88.8876
2900 91.3947
3000 95.2103
3100 95.2103
3200 95.2103
3300 98.3717
3400 102.489
3500 104.043
3600 104.995
3700 104.995
3800 106.569
3900 108.467
4000 110.766
4100 112.641
4200 113.53
4300 114.791
4400 118.512
4500 120.503
4600 121.499
4700 124.487
4800 127.252
4900 129.248
5000 129.808
5100 131.381
5200 133.375
5300 135.37
5400 135.447
5500 135.532
5600 138.235
5700 140.456
5800 141.598
5900 142.594
6000 143.349
100 13.0384
200 22.2036
300 25.318
400 30.0167
500 33.0151
600 36.0139
700 45.0111
800 49.0408
900 51.0098
1000 55.0091
1100 59.0339
1200 63.1269
1300 69.1809
1400 71.2531
1500 76.1052
1600 78.1025
1700 82.0549
1800 84.0536
1900 87.1436
2000 89.2749
2100 91.2688
2200 92.2659
2300 95.1893
2400 96.026
2500 98.1529
2600 99.4636
2700 103.407
2800 106.066
2900 108.19
3000 110.318
3100 112.009
3200 113.437
3300 117.546
3400 119.52
3500 121.017
3600 122
3700 122.984
3800 125.447
3900 127.424
4000 131.381
4100 131.529
4200 131.529
4300 135.484
4400 136.945
4500 138.917
4600 139.904
4700 140.431
4800 142.411
4900 145.523
5000 147.801
5100 149.482
5200 153.31
5300 154.042
5400 154.719
5500 156.697
5600 157.835
5700 159.524
5800 161.505
5900 162.779
6000 165.469
100 16.0312
200 20.2485
300 26.2488
400 32.573
500 34.8281
600 38.0132
700 43.0116
800 44.9444
900 47.1699
1000 51.264
1100 54.4059
1200 56.8595
1300 58.1808
1400 62.6817
1500 66.5733
1600 69.6419
1700 72.4017
1800 74.0945
1900 74.9466
2000 78.2304
2100 80.4487
2200 81.5414
2300 83.2166
2400 84.9058
2500 85.7555
2600 89.8721
2700 93.2309
2800 93.2309
2900 95.6033
3000 97.2008
3100 99.6243
3200 101.257
3300 102.343
3400 104.293
3500 105.437
3600 106.231
3700 107.415
3800 110
3900 112.614
4000 114.018
4100 116.825
4200 117.29
4300 118.444
4400 119.633
4500 121.211
4600 121.824
4700 125.252
4800 125.936
4900 128.891
5000 129.634
5100 130.541
5200 131.529
5300 132.231
5400 134.172
5500 137.102
5600 138.08
5700 139.488
5800 140.688
5900 143.098
6000 144.554
100 13.1529
200 19.105
300 24.7386
400 31.0483
500 36.4005
600 45.3542
700 48.7032
800 55.0273
900 56.3028
1000 57.28
1100 60.8769
1200 63.3482
1300 69.2315
1400 73.1642
1500 74.1485
1600 74.9667
1700 78.2624
1800 81.0494
1900 83.0241
2000 85.9884
2100 88.955
2200 91.9239
2300 92.7793
2400 92.7793
2500 93.6483
2600 95.7549
2700 98.8585
2800 99.8499
2900 101.435
3000 105.546
3100 106.532
3200 110.644
3300 115.572
3400 118.697
3500 118.87
3600 121.017
3700 122.984
3800 122.984
3900 124.952
4000 126.921
4100 128.265
4200 128.456
4300 129.074
4400 132.22
4500 134.172
4600 135.713
4700 138.279
4800 139.262
4900 139.445
5000 139.445
5100 142.215
5200 143.199
5300 144.184
5400 145.344
5500 146.328
5600 149.459
5700 149.643
5800 149.833
5900 150.814
6000 152.591
100 16.0312
200 22.4722
300 27.5136
400 35.7351
500 40.5216
600 43.4166
700 46.8402
800 49.0408
900 52.469
1000 55.3263
1100 59.0762
1200 62.2013
1300 67.3647
1400 71.2531
1500 74
1600 75.0067
1700 78.2624
1800 81.2158
1900 85.703
2000 86.885
2100 89.4427
2200 91.4112
2300 97.0824
2400 97.2934
2500 98.27
2600 101.203
2700 104.346
2800 104.561
2900 108.259
3000 110.422
3100 114.004
3200 118.127
3300 119.854
3400 119.854
3500 121.807
3600 123.762
3700 127.675
3800 131.795
3900 134.164
4000 136.945
4100 139.086
4200 139.086
4300 139.743
4400 141.598
4500 142.773
4600 143.753
4700 147.092
4800 148.708
4900 149.255
5000 150.03
5100 151.99
5200 151.99
5300 152.237
5400 153.222
5500 154.029
5600 155.467
5700 157.003
5800 157.003
5900 157.334
6000 159.966
100 15.5242
200 19.6469
300 24.3311
400 29.1548
500 32.0624
600 36.0139
700 42.0476
800 45.1221
900 48.0833
1000 51.3517
1100 55.3263
1200 59.3043
1300 61.5224
1400 65.5134
1500 67.082
1600 69.3758
1700 73.7631
1800 75.5844
1900 77.6209
2000 79.1202
2100 81.3941
2200 83.4326
2300 85.1469
2400 90.0278
2500 92.7631
2600 95.901
2700 99.2472
2800 101.98
2900 105.323
3000 108.259
3100 109.836
3200 112.588
3300 117.903
3400 120.075
3500 121.05
3600 122.025
3700 125.718
3800 127.675
3900 127.675
4000 130.614
4100 132.382
4200 133.004
4300 135.329
4400 135.518
4500 137.873
4600 139.635
4700 144.184
4800 146.813
4900 147.648
5000 150.473
5100 151.327
5200 152.191
5300 154.719
5400 156.697
5500 157.835
5600 157.835
5700 158.824
5800 161.009
5900 161.009
6000 162.003
100 12.53
200 18.4391
300 25.4951
400 30.4138
500 35.1141
600 37.3363
700 43.3244
800 46.1736
900 48.1041
1000 50.1597
1100 52.811
1200 55.9732
1300 58.4637
1400 60.3738
1500 64.7611
1600 67.9117
1700 68.884
1800 70.8308
1900 72.0069
2000 76.4199
2100 77.4145
2200 80.399
2300 81.4985
2400 83.6002
2500 87.6926
2600 88.278
2700 89.3588
2800 90.5539
2900 94.5304
3000 95.6347
3100 98.6154
3200 101.494
3300 101.494
3400 103.697
3500 103.817
3600 105.171
3700 107.355
3800 111.072
3900 112.071
4000 113.111
4100 117.017
4200 118.038
4300 121.017
4400 124.016
4500 127.035
4600 130
4700 131.015
4800 132.034
4900 133.034
5000 133.094
5100 134.004
5200 135.004
5300 136.004
5400 139
5500 139.004
5600 141.014
5700 141.014
5800 143.014
5900 144.031
6000 144.031
100 13.9284
200 18.0278
300 24.3311
400 28.1603
500 36.0555
600 41.0122
700 41.1947
800 45.3982
900 50.3587
1000 51.3517
1100 55.3173
1200 59.6657
1300 63.3246
1400 67.1863
1500 68.4105
1600 68.4105
1700 71.8679
1800 74.6726
1900 77.8332
2000 79.712
2100 81.9085
2200 82.8613
2300 85.1645
2400 86.6487
2500 89.8109
2600 91.7878
2700 92.1954
2800 93.1933
2900 99.0454
3000 102.044
3100 102.044
3200 103.044
3300 104.043
3400 107.042
3500 108.042
3600 109.018
3700 109.417
3800 111.018
3900 112.161
4000 115.109
4100 116.039
4200 117.068
4300 120.067
4400 121.202
4500 123.065
4600 123.065
4700 124.487
4800 125.483
4900 129.016
5000 131.061
5100 133.06
5200 134.06
5300 134.06
5400 134.629
5500 135.595
5600 137.786
5700 139.56
5800 140.52
5900 140.52
6000 141.651
100 12.53
200 20.8806
300 25.7099
400 30.6105
500 36.4966
600 38.3275
700 40.3609
800 43.1856
900 46.0109
1000 47.676
1100 50.8035
1200 54.7449
1300 56.8595
1400 61.4654
1500 66.4078
1600 69.5701
1700 73.3757
1800 76.5376
1900 77.4919
2000 80.6536
2100 81.6088
2200 83.5225
2300 86.6833
2400 90.2497
2500 92.1792
2600 93.8616
2700 96.3172
2800 97.2934
2900 97.3088
3000 98.2344
3100 99.7246
3200 100.02
3300 103.16
3400 104.346
3500 105.991
3600 106.513
3700 107.49
3800 110.114
3900 111.571
4000 112.294
4100 114.477
4200 116.181
4300 117.903
4400 123.556
4500 124.535
4600 124.535
4700 125.515
4800 127.475
4900 132.22
5000 133.195
5100 134.937
5200 136.125
5300 137.102
5400 139.058
5500 140.036
5600 140.036
5700 142.972
5800 142.972
5900 143.178
6000 145.134
100 11.1803
200 17.2627
300 23
400 31
500 34
600 37.3363
700 42.4264
800 44.4072
900 45.2769
1000 47.3814
1100 50.8035
1200 54.4518
1300 59.5399
1400 62.8013
1500 64.195
1600 68.593
1700 68.593
1800 72.0069
1900 75.326
2000 77.2334
2100 79.2275
2200 82.1523
2300 84.214
2400 85.7088
2500 88.2043
2600 91.351
2700 94.3398
2800 97.3293
2900 99.3227
3000 101.494
3100 102.489
3200 103.238
3300 106.17
3400 108.167
3500 111.221
3600 111.221
3700 113.071
3800 116.211
3900 118.207
4000 119.206
4100 121.264
4200 123.406
4300 127.393
4400 127.475
4500 128.561
4600 132.378
4700 132.544
4800 134.373
4900 134.373
5000 136.444
5100 139.435
5200 139.517
5300 141.598
5400 144.586
5500 146.492
5600 147.489
5700 149.857
5800 150.851
5900 153.942
6000 158.912
100 15.8114
200 21.5407
300 29.1548
400 33.541
500 36.8782
600 41.1461
700 45.1885
800 49.0918
900 53
1000 58.5235
1100 63.5138
1200 71.3442
1300 76.6616
1400 76.6616
1500 78.7718
1600 81.8413
1700 82.4197
1800 84.2021
1900 86.4002
2000 89.0449
2100 90.9725
2200 92.1141
2300 93.4933
2400 94.8736
2500 97.949
2600 99.8248
2700 101.833
2800 103.276
2900 104.005
3000 104.69
3100 106.217
3200 107.056
3300 109.713
3400 111.198
3500 113.358
3600 114.543
3700 116.867
3800 119.62
3900 123.568
4000 126.625
4100 128.86
4200 131.518
4300 133.72
4400 135.07
4500 135.532
4600 137.306
4700 138.928
4800 142.088
4900 142.678
5000 143.618
5100 145.152
5200 146.103
5300 149.913
5400 152.778
5500 153.444
5600 154.402
5700 155.081
5800 155.081
5900 155.939
6000 157.493
100 16.1555
200 19.3132
300 22.8254
400 30.8707
500 32.311
600 39
700 42.4853
800 47.5395
900 51.0784
1000 56.648
1100 60.1664
1200 61.0328
1300 62.6498
1400 67.0671
1500 71.1688
1600 73.3894
1700 74.9466
1800 77.4919
1900 80.3243
2000 82.1523
2100 83.863
2200 85.235
2300 88.8651
2400 94.5569
2500 95.5092
2600 98.3717
2700 100.578
2800 104.809
2900 107.703
3000 109.895
3100 112.579
3200 114.162
3300 114.18
3400 117.341
3500 119.252
3600 121.458
3700 123.665
3800 125.228
3900 127.13
4000 128.082
4100 130.943
4200 132.853
4300 135.359
4400 137.568
4500 139.778
4600 141.06
4700 142.302
4800 144.544
4900 146.455
5000 146.455
5100 146.751
5200 148.96
5300 149.616
5400 150.283
5500 153.16
5600 154.12
5700 156.042
5800 157.965
5900 159.891
6000 162.521
100 16.1245
200 26.1725
300 31.0644
400 33.541
500 38.0789
600 42.5441
700 46.1736
800 49.4773
900 51.4782
1000 54.0833
1100 58.1808
1200 59.6825
1300 62.514
1400 65.9242
1500 67.2681
1600 70.0357
1700 71.0211
1800 72.8354
1900 74.2024
2000 76.0263
2100 78.0064
2200 82.201
2300 83.006
2400 84.2021
2500 85.5862
2600 88.4138
2700 90.6091
2800 92.0217
2900 92.6984
3000 94.1754
3100 96.4261
3200 97.0824
3300 97.1854
3400 97.949
3500 99.6895
3600 100.663
3700 101.868
3800 103.586
3900 106.513
4000 106.733
4100 108.467
4200 110.422
4300 112.379
4400 114.004
4500 115.122
4600 118.068
4700 122
4800 122.184
4900 124.149
5000 126.59
5100 128.725
5200 130.25
5300 131.24
5400 134.213
5500 135.204
5600 136.624
5700 137.612
5800 137.612
5900 137.768
6000 139.589
100 16.1245
200 23.0868
300 26.6833
400 35.2278
500 41.1096
600 46
700 48.0937
800 52.2398
900 55.1453
1000 59.2115
1100 62.2013
1200 67.1193
1300 68.1836
1400 69.1158
1500 71.0634
1600 74.0608
1700 75.06
1800 80.0562
1900 81.0247
2000 84.0238
2100 84.0536
2200 87.023
2300 88.0511
2400 93.0215
2500 94.0213
2600 95.1315
2700 96.0052
2800 97.0052
2900 100.005
3000 100.319
3100 102.044
3200 102.044
3300 104.139
3400 105.513
3500 108.06
3600 111.803
3700 113.772
3800 116.559
3900 116.559
4000 116.559
4100 118.533
4200 120.669
4300 124.615
4400 126.59
4500 127.577
4600 129.062
4700 129.402
4800 130.392
4900 131.381
5000 132.136
5100 132.136
5200 133.135
5300 134.183
5400 139.23
5500 140.228
5600 143.224
5700 143.224
5800 143.422
5900 145.221
6000 146.578
100 15
200 20.6155
300 26.9072
400 29.1548
500 32.2025
600 33.6155
700 37.5899
800 38.9487
900 42.638
1000 45
1100 47.0106
1200 51.8652
1300 54.7083
1400 57.7062
1500 60.208
1600 60.4152
1700 61.7171
1800 63.6003
1900 68.8767
2000 73.3485
2100 75.5844
2200 77.3886
2300 78.721
2400 81.8596
2500 83.2586
2600 83.2586
2700 84.6936
2800 84.6936
2900 87.4643
3000 91.7878
3100 93.6216
3200 94.0213
3300 95.7549
3400 96.6644
3500 98.4124
3600 102.044
3700 104.785
3800 106.621
3900 113.318
4000 114.634
4100 117.784
4200 120.017
4300 121.462
4400 122.25
4500 123.976
4600 125.801
4700 125.801
4800 126.21
4900 126.21
5000 126.716
5100 128.55
5200 130.388
5300 130.782
5400 133.015
5500 137.615
5600 138.924
5700 139.846
5800 142.618
5900 142.618
6000 143
100 11.4018
200 18.1108
300 22.8035
400 27.2029
500 30.2324
600 34.0147
700 36.2491
800 40.5216
900 42.5441
1000 44.7772
1100 47.3814
1200 50.5964
1300 56.3205
1400 60.407
1500 62.9365
1600 64.4748
1700 67.2309
1800 68.7095
1900 70.6824
2000 72.2357
2100 72.45
2200 75.1532
2300 77.3886
2400 80.0812
2500 80.5233
2600 84.1724
2700 86.122
2800 86.3481
2900 87.8635
3000 90.2441
3100 91.2195
3200 95.901
3300 97.8621
3400 99.0404
3500 99.8248
3600 102.772
3700 104.924
3800 106.099
3900 107.87
4000 108.374
4100 110.454
4200 111.803
4300 112.969
4400 116.726
4500 116.726
4600 119.52
4700 120.507
4800 121.413
4900 125.447
5000 127.424
5100 129.402
5200 130.392
5300 130.392
5400 131.461
5500 132.74
5600 135.624
5700 136.528
5800 139.435
5900 140.431
6000 141.354
