-1 0
-2 0
0 -1
0 1
-3 0
0 -2
-4 0
1 -1
-1 -2
-3 1
2 -1
0 -3
0 2
1 2
1 3
0 -4
0 -5
2 -2
-1 1
3 -1
-3 2
3 -2
1 4
-3 3
-1 -4
-2 -4
-3 4
-2 -5
-3 -4
0 -6
-4 2
-5 0
-5 -1
-6 -1
1 -5
2 4
0 -7
3 -3
-4 3
4 -3
1 5
-5 1
1 6
2 2
-4 4
-7 -1
0 -8
2 6
0 -9
-7 0
5 -3
2 7
3 6
-4 -4
2 8
-8 -1
2 -5
-4 5
-7 1
2 -6
5 -2
-8 1
2 -7
3 4
3 8
4 6
3 9
4 9
5 6
-8 -2
-8 -3
-1 -8
3 -7
-5 3
6 -2
0 -10
4 10
-5 5
-5 4
-1 -10
6 -3
-2 -10
-6 5
7 -3
-9 -1
-8 2
-4 6
6 6
4 -4
4 11
4 -7
2 -8
-9 1
7 -2
-1 -11
-8 -4
5 11
7 -4
4 12
8 -4
-1 -12
-9 2
9 -4
3 12
5 12
-1 -13
-5 6
-3 -10
7 6
-2 -13
0 -11
0 -13
7 5
-4 -10
1 -11
1 8
-3 -13
-10 1
1 -13
-10 -1
0 8
1 -14
6 11
10 -4
-9 -3
-9 3
-4 -13
6 12
-4 -14
-5 -13
11 -4
6 13
-11 -1
-4 -9
6 14
-10 3
-10 4
-10 5
11 -5
-11 3
-2 -14
10 -3
-11 5
-12 3
5 -7
1 -15
-10 6
12 -4
10 -2
2 -15
-10 7
-12 5
-12 -1
3 13
12 -3
-5 -12
3 -15
5 14
-6 -13
-12 -2
-12 0
0 -15
6 15
-10 8
0 -16
-7 -13
-5 -9
-10 9
-8 -13
7 14
8 14
-1 -15
0 7
6 -7
9 14
-5 -14
-10 10
-9 -13
-5 -10
-12 6
9 15
8 -5
7 4
-4 -15
-13 -2
6 16
-13 -3
-12 7
6 17
-10 -13
13 -3
-13 3
-9 -12
-9 9
5 17
-12 -3
12 -5
7 11
14 -3
-9 10
-13 7
-9 11
8 5
-13 2
-14 -3
-8 10
-6 -9
10 14
11 14
12 14
-11 -13
-14 -4
-15 -4
-9 12
-9 -14
-7 -14
4 17
-14 7
-14 2
8 6
-10 11
4 18
8 11
11 -6
13 -5
-9 -15
9 -2
-14 8
-4 -16
14 -4
0 9
3 -16
-11 -12
3 -14
12 -2
10 -1
-15 2
15 -4
-15 -5
-14 9
15 -5
4 19
10 13
11 -7
4 -14
9 5
4 -16
-15 -6
-12 -12
-11 11
-12 -13
-15 -3
-16 2
-16 3
13 14
13 13
-11 12
-12 12
16 -4
-11 -14
15 -6
-13 -13
13 -2
14 13
-16 -3
16 -6
-7 -15
-15 9
10 0
-17 2
-4 -17
-13 -12
14 12
4 -17
-3 -17
17 -4
5 -17
-16 9
-13 -14
9 6
3 18
3 19
-17 9
8 15
-18 2
15 13
6 18
-18 1
-12 13
-12 -14
-17 10
-19 2
5 -18
-13 -15
-4 -18
-19 1
0 -17
-18 9
13 -1
6 -18
15 14
18 -4
16 13
-13 12
17 13
-14 -13
16 14
-17 11
19 -4
-16 -6
17 -6
-19 3
-17 12
16 12
-13 -16
-4 -19
-7 -9
15 -3
3 -17
-19 9
5 -19
7 -18
-14 -14
-8 12
-14 -15
-19 4
-6 -15
-5 -19
4 14
-13 -17
15 15
5 -14
-8 11
-16 -7
0 -18
-20 2
17 14
4 16
5 19
-20 9
4 20
-17 -7
18 -3
17 12
20 -4
14 15
18 -6
-20 4
-20 8
15 16
6 19
17 11
-13 -11
9 4
2 18
-5 -20
15 17
-18 -7
2 17
16 -7
4 21
-12 14
5 -20
11 -8
15 18
-21 4
-21 8
18 13
-17 13
18 11
6 -20
19 11
6 -21
18 -7
20 -3
16 18
13 -6
-20 10
6 -22
19 -7
17 15
-6 -20
16 -8
0 -19
-7 -20
-11 14
1 -19
6 -23
-8 -20
19 12
-21 2
4 -15
7 -23
7 -17
17 -8
20 -7
21 -7
8 -23
-15 -13
22 -7
-3 -19
3 20
22 -8
-8 -21
-21 10
-8 -22
20 11
-8 13
22 -6
-8 -23
22 -5
11 -9
-20 3
-18 12
7 -24
7 -25
20 12
8 -25
6 -24
5 -23
4 -23
17 18
18 10
23 -5
-9 -23
-22 4
17 17
16 -9
4 22
4 23
14 18
-10 -23
-8 -24
20 10
21 11
-11 -23
20 9
20 13
7 -26
16 -10
15 19
-22 10
-14 12
3 23
15 20
1 -9
16 -11
-19 -7
-14 -17
-16 -13
-15 -17
-15 -18
-12 15
-16 1
22 -9
-22 11
22 11
3 14
9 -23
23 -8
-11 -24
-23 11
24 -8
-9 -20
-17 14
18 9
-24 11
-17 15
-15 -19
-25 11
-25 10
10 -23
1 17
-12 -24
-17 16
14 20
-16 -17
2 12
21 13
-17 -13
-12 -25
14 21
-19 -8
-17 -14
-8 14
-10 -24
23 11
10 -24
-18 -13
-18 13
-20 -8
2 20
-7 -24
7 -27
-4 -20
23 12
-12 -26
23 13
-11 -26
7 18
-17 -17
24 11
-23 4
14 22
-15 -20
10 -25
-11 15
-26 11
-7 -25
25 11
7 -28
-22 2
-13 -24
3 22
-20 -7
11 -24
-16 16
-24 12
-27 11
-18 16
3 24
-26 12
7 -29
-20 -6
3 25
7 -20
-7 14
18 17
2 24
26 11
10 -26
8 -28
23 -6
7 -30
21 -9
24 -5
11 -23
-7 -26
3 26
24 -4
-21 -8
-21 1
-19 0
26 12
25 -4
-13 -26
26 10
-17 -15
26 9
11 -26
6 -28
-28 11
27 9
-16 -20
4 26
-16 17
-19 16
-19 -13
19 17
6 -27
-29 11
-10 -25
20 -2
1 24
26 13
-13 -27
20 17
-29 12
26 14
-15 17
-26 13
25 -8
-14 -26
28 9
9 -28
3 27
-26 14
-30 12
5 -27
5 23
-16 18
-29 13
7 -31
25 14
19 18
21 17
-10 -26
-7 -27
28 8
29 8
24 -9
-25 9
6 23
-8 -27
15 21
-27 14
-20 -13
-18 14
7 -32
-22 -8
-15 18
-22 -9
7 23
-27 15
-28 10
28 10
-11 16
14 23
-23 2
-30 11
-25 14
15 23
-18 17
-17 -18
8 -30
-27 16
-15 -26
-31 11
-27 17
12 -26
10 -28
-27 18
3 28
-28 14
8 -32
-23 -8
-28 17
29 7
-20 0
21 18
11 -28
-6 -26
-31 10
-13 -28
-28 15
12 -28
-23 1
-16 -26
-31 12
-29 17
6 -31
-21 -6
-13 -29
-27 19
-23 0
-18 -18
-28 9
25 -3
-13 -30
13 -26
25 -2
-31 9
19 19
26 -8
-29 18
7 -33
-30 17
12 -27
27 13
-29 19
26 -7
22 17
13 -28
14 -26
6 -33
16 -12
-17 -26
-29 20
-24 -8
-18 18
26 -3
-18 -26
6 -29
-18 -25
-31 8
24 10
-20 -12
-13 -31
14 -28
-30 13
25 -1
1 23
2 27
-14 -30
27 -8
8 23
-32 12
-26 19
27 -9
7 -34
-22 0
-25 19
-30 19
-15 -30
15 -26
9 -32
-32 8
26 15
-31 7
-24 1
-29 21
1 27
0 27
-25 8
11 -29
-15 -31
10 -32
8 -20
27 14
23 14
19 20
-23 -1
-5 -26
30 7
24 -10
26 -1
3 29
16 -26
26 0
27 15
27 0
16 -27
13 23
13 24
28 0
29 6
6 -34
-15 -25
-30 20
-24 -7
-33 8
-16 -31
4 -27
28 14
-19 -26
23 10
-24 0
12 -29
19 21
15 -28
11 -32
28 -1
29 -1
6 -35
-25 20
28 15
-15 -29
16 -28
-25 21
0 24
-25 -8
30 6
-16 -32
-34 8
-35 8
14 -25
12 -32
2 22
27 -10
30 8
-35 9
29 -2
28 -9
-28 8
3 30
21 -10
-1 24
17 -26
-25 22
-30 21
29 -3
31 6
31 8
-34 7
4 27
-16 -33
30 9
-18 -24
-20 -26
28 16
17 -25
5 -33
-16 -34
0 23
13 -32
28 -8
28 17
3 31
29 17
18 -25
30 -2
-2 24
26 16
4 -28
31 -2
-36 8
-18 -23
-16 -35
31 -3
-7 -28
-34 6
20 21
-31 19
17 -24
18 -24
-29 22
32 -3
-21 -26
-32 19
15 22
-17 18
4 30
21 21
29 -9
30 -9
-4 -26
7 -35
-23 -9
-15 -33
-20 16
-25 23
28 18
14 -32
-24 23
-12 -28
19 -25
-22 -26
-24 4
14 24
-24 19
-36 7
13 25
-20 -25
29 18
8 24
30 18
-19 -18
19 22
-15 -35
0 28
-29 23
30 19
-30 22
-11 17
15 -32
22 21
20 -25
4 31
-1 27
24 -11
5 31
13 26
-23 -26
-15 19
-36 6
13 27
-31 22
-8 -28
-9 -27
-23 -25
30 17
16 23
6 -36
22 22
31 19
32 -2
29 19
32 19
8 -35
-2 27
-17 -32
30 -10
5 32
-3 24
11 -33
30 5
22 23
-32 22
6 -37
-4 24
11 -34
-17 -31
15 -31
-32 18
16 -32
20 -26
-23 23
-37 6
3 -28
31 -10
33 -2
-33 22
31 9
-16 -36
-32 23
-33 19
-3 27
31 17
-32 24
-17 -3
15 -12
-34 22
15 -33
21 -26
33 -3
32 9
24 -12
-15 -36
11 -35
-31 24
32 10
-17 -36
32 -4
32 6
33 -1
22 24
34 -2
35 -2
-33 24
33 19
-7 -29
-38 6
6 -38
-16 -37
-33 6
17 -27
-39 6
-24 -26
31 -11
-40 6
-32 25
-23 24
32 -11
-32 10
12 -34
25 -12
-14 19
5 -37
22 -26
-24 -25
23 -26
19 -26
22 -25
-25 -9
7 -38
-18 -32
-17 -30
13 28
13 29
-22 -25
33 20
-14 20
0 29
34 -3
-15 -37
-30 24
15 -34
-3 28
-15 -38
-33 5
-25 -25
2 -28
-33 4
-41 6
-15 -39
14 26
35 -1
-42 6
-30 16
-25 24
29 -8
31 16
22 -27
-35 22
-42 7
21 -27
-18 -33
33 0
-35 23
-21 11
-29 24
36 -2
-14 -36
-42 8
-26 24
-26 25
16 -34
-33 25
-43 7
13 -34
-43 6
-26 -25
5 -34
33 1
20 22
31 -9
5 33
-43 8
21 -25
-32 26
6 -39
-34 25
-39 5
34 20
-32 27
8 -38
-26 -9
6 32
-18 -30
-33 18
-42 5
9 -38
31 -12
-42 4
37 -2
14 29
-38 5
38 -2
35 20
-36 23
10 -38
32 -12
-33 3
-4 28
-24 -6
-16 -39
37 -3
34 21
34 22
-18 -36
-40 5
23 24
-1 29
-26 -10
33 18
-29 25
-24 -27
34 18
-43 9
-38 4
-15 -40
23 -27
23 17
-32 28
-19 -33
17 -34
-22 24
31 15
6 -40
6 33
-42 3
34 23
6 34
35 18
-26 -24
7 33
38 -1
36 20
-26 -23
-36 9
7 34
-43 10
39 -1
24 -27
-35 24
-18 -37
-27 -23
6 35
32 1
37 20
-42 2
-42 10
33 -11
37 21
-27 -22
-43 2
-28 -22
39 -2
-19 -37
38 20
39 20
-6 -28
14 27
32 -10
-32 13
33 10
40 -1
-35 21
-16 -40
5 34
-31 25
33 -12
40 0
27 12
24 24
35 23
40 1
33 -13
-36 24
35 24
-25 25
-5 28
18 -34
39 21
5 -40
-20 -37
-25 -6
-23 25
-44 7
-37 24
-15 -41
-44 2
-44 1
-33 28
-34 28
36 24
-32 29
-19 -38
-36 5
34 -11
-19 -39
19 -34
-13 -36
-26 -26
7 -40
30 -12
-44 3
-37 25
-1 30
-34 26
-26 -11
-45 2
39 19
40 20
39 1
34 24
-29 -22
36 25
25 -27
-14 -41
4 -40
2 31
18 -35
6 36
-45 7
7 35
24 -28
-27 -9
40 19
2 32
-25 -27
9 -39
-2 29
41 1
-44 0
8 34
-38 24
37 25
-46 2
37 26
38 25
8 35
-43 11
-13 -41
-36 21
-37 9
0 30
24 -13
19 -35
-39 24
21 24
39 25
1 32
4 -39
-29 -23
-2 30
34 -12
-30 -23
-5 29
-31 29
39 22
41 19
-32 14
-42 11
15 -35
4 33
32 7
-2 31
20 -34
4 -38
-37 26
-31 -23
-41 11
13 30
-14 -39
-31 -24
33 -14
6 37
37 27
4 -41
36 27
-43 12
36 28
15 -36
17 -28
38 26
-13 -35
9 -40
-14 -42
-41 12
40 18
-17 -39
-24 24
42 1
40 21
9 -41
4 -42
-46 1
-32 30
-46 3
42 19
-32 3
18 -36
40 2
-39 25
-32 -24
-40 24
25 24
-2 32
9 -42
-31 30
-47 3
-48 3
40 25
43 1
36 29
-31 3
43 19
41 21
5 36
-20 -38
43 0
40 -2
-33 -24
-28 -9
-3 31
41 -2
-34 -24
35 -11
6 38
6 39
7 39
-49 3
44 0
-20 -36
-50 3
3 -42
-50 4
42 21
-19 -40
8 36
-5 30
-18 -40
42 22
2 -42
20 -35
-20 -39
-34 -25
36 30
-44 11
40 26
40 24
-40 25
-40 26
-32 -25
-49 2
21 -35
10 -41
-18 -41
-3 32
44 -1
-14 -43
-13 -39
-41 26
43 22
1 -42
-5 31
-38 26
36 -11
-13 -43
44 -2
44 22
23 -13
9 -43
-36 20
-36 4
21 -36
-35 28
-30 30
9 36
21 -37
9 -44
-21 -39
-15 -43
25 -26
10 -42
6 40
37 -11
6 41
-30 29
-32 -26
-4 32
-33 30
7 40
-45 11
-35 -24
-19 -41
43 18
-20 -41
0 -42
-51 4
-28 -8
-34 30
-35 29
-43 0
-21 24
26 -26
45 0
-38 3
-52 4
-26 26
35 29
7 41
37 30
-35 4
41 26
-45 10
38 30
45 -2
-22 -39
45 -3
10 36
21 -28
-14 -44
-34 -26
-16 -43
10 -44
38 31
-34 -27
-34 31
4 36
22 -37
44 -3
22 -38
10 37
-14 -45
-17 -43
46 0
44 18
-41 24
45 18
33 -15
46 1
23 -38
-23 -39
-51 3
-40 23
-44 12
-3 33
-51 5
46 -2
-33 -27
39 30
-29 30
-49 1
-14 -46
-42 24
23 -14
8 41
5 41
39 31
-16 -44
23 -39
44 21
11 37
-35 -26
-33 -23
42 26
8 -43
4 37
-6 31
-35 30
26 -25
-14 -47
24 -38
-24 -39
8 -42
35 30
15 -37
-35 -23
-14 -48
6 42
46 -3
25 -28
-52 5
47 0
27 -26
8 40
24 -37
22 -39
35 31
-41 27
42 27
-18 -43
11 -44
-20 24
46 18
-42 27
-43 24
-35 -27
20 -33
24 25
-13 -46
37 31
6 43
-43 -1
-15 -47
34 31
10 -45
23 -40
36 -12
10 38
26 -28
12 -44
3 36
9 -45
42 28
24 -39
-42 -1
7 43
-41 28
37 32
-40 22
-4 33
-46 0
44 -4
-45 8
40 31
7 44
46 17
-32 -27
8 -45
12 -45
37 33
47 -3
-14 -49
24 -40
8 -46
-24 -40
-24 -41
-21 -36
-49 0
-15 -48
-32 -28
-52 3
47 1
8 -47
-1 -42
47 17
-52 6
46 19
43 27
34 32
44 23
-2 -42
25 -38
-42 26
26 -38
-45 0
12 -46
38 33
34 -15
-43 13
45 22
7 45
-53 4
38 34
48 17
-32 -29
27 -38
-50 5
-53 6
-31 -29
-32 -30
23 -41
24 -41
10 39
7 -47
47 -4
48 18
-16 -48
-25 -41
-3 34
-40 28
28 -38
47 -5
25 -41
35 32
23 25
-54 4
12 37
43 2
49 18
-34 32
31 14
-31 -30
39 34
48 -3
-15 -49
37 34
-36 29
-54 3
-6 32
-42 -2
50 18
-46 11
-25 -42
11 -38
-40 29
-55 4
-55 3
7 46
34 33
48 19
-25 -39
-25 -43
-36 -27
39 35
8 46
46 2
28 -37
48 -4
9 46
49 -3
-54 2
-14 -50
49 -4
37 -10
26 -29
9 47
-28 -7
-42 28
34 -16
-42 29
50 -4
9 48
7 47
-25 -38
-49 -1
-51 6
50 -3
45 -4
6 47
10 48
46 3
25 -42
26 -42
47 -6
43 28
29 -38
40 34
5 47
30 -38
50 -5
31 -38
13 31
8 -48
37 35
47 2
48 -5
8 -49
-25 -44
44 27
36 -13
-26 -44
46 22
-55 2
51 -5
-3 35
35 -15
48 0
-55 1
8 43
34 34
-47 11
45 27
-27 -44
-28 -44
-56 1
9 49
49 0
-35 32
39 36
-17 19
-36 30
-56 4
-57 1
-34 33
40 36
-17 -48
-55 5
-35 33
-21 -13
50 19
-56 0
-29 -44
31 -37
32 -37
-37 -27
-6 33
-49 -2
-43 27
5 48
-30 -44
-17 -47
4 48
4 -43
-42 30
-49 -3
10 49
4 49
-52 7
50 -2
-43 25
39 37
12 -47
45 28
-43 30
12 -48
-56 5
-32 -31
26 -30
47 22
49 1
-58 1
46 28
-40 30
41 36
27 -25
40 37
3 48
-28 30
-59 1
4 50
50 -6
-40 31
31 -36
-14 -51
-10 17
28 -39
40 38
48 16
-58 2
51 -2
-40 32
-50 -2
24 -42
-15 -51
13 -46
28 -25
47 28
33 -37
28 -24
-59 0
34 -37
40 39
-37 -26
-30 -45
42 36
33 34
-30 -43
-60 0
-42 31
-33 33
-41 32
35 -16
10 50
4 51
50 1
-51 -2
10 40
24 -43
-43 29
35 -17
-59 2
-14 -52
-36 33
39 39
51 1
-35 -28
8 -50
51 -6
-24 -43
34 -38
34 -39
47 29
22 -41
33 35
-61 0
-13 -51
26 -43
9 50
52 -6
-33 34
51 -1
4 52
52 -2
-2 -41
-61 1
-18 -47
31 -39
2 48
48 22
3 51
-14 -53
-31 31
11 50
-44 30
-32 34
51 -7
-49 5
47 -7
4 53
43 36
-54 1
-43 14
-38 -26
-57 5
52 -7
-57 6
-42 32
-33 35
13 37
-45 30
-47 12
-30 -42
-37 -28
-62 1
-31 -44
3 50
-30 -46
27 -43
-15 -53
43 37
-58 5
-32 35
11 -47
-12 -51
5 50
-34 -28
47 27
4 54
-27 -21
-32 -44
-33 -44
27 -44
33 36
48 29
36 -15
29 -25
-16 -53
-60 -1
53 -7
32 11
52 -8
-63 1
-12 -52
-46 30
27 -42
-47 13
34 -40
-46 31
49 29
-27 30
-63 2
49 17
-34 -44
-16 -54
35 -38
-13 -53
-41 33
-64 2
50 20
-14 -54
36 -38
-30 -47
52 -3
9 51
47 -8
3 54
-44 24
-31 -42
-33 -45
-44 23
49 30
-58 6
-31 -41
35 -40
-29 -47
8 -51
-31 2
2 49
53 -8
50 30
-59 3
-46 32
50 29
51 29
-25 -5
-37 -29
-60 -2
2 -43
-63 3
-54 6
49 22
-17 -49
6 -47
52 1
-12 -53
36 -40
12 50
-35 -44
43 35
-2 -43
37 -40
-37 -25
-45 23
35 -18
10 46
-47 30
53 -2
48 15
-64 1
51 30
-36 -44
9 -50
-38 -29
-61 -1
36 -17
33 37
-57 7
-11 -52
9 43
39 40
51 19
-39 -29
47 26
2 54
-47 32
-14 -55
5 54
-13 -55
-60 -3
-59 4
54 -2
-20 25
-31 27
8 -52
51 31
2 36
-34 3
51 32
-3 -42
-28 -45
38 40
-61 -3
52 2
-36 -45
54 -8
51 33
41 38
-48 32
55 -8
33 -40
-7 33
12 51
-14 -56
-32 36
50 17
24 26
23 26
11 51
1 49
-46 33
13 -47
-18 -48
51 2
56 -8
4 55
57 -8
-56 -1
-48 33
55 -9
49 15
13 -44
-64 3
8 -53
-8 33
-62 0
52 29
31 -40
14 -46
-48 12
52 31
-30 -48
-37 -45
-32 37
-29 -48
50 16
-17 -54
34 -41
53 -1
-65 2
-28 -10
-28 31
41 39
57 -7
53 29
35 -41
6 54
-33 36
37 40
-18 -54
32 34
52 32
3 55
-64 4
49 14
-66 2
54 29
27 -28
-34 36
58 -7
52 3
10 -50
-54 7
6 -48
-32 -45
11 52
55 29
-36 -46
9 52
2 55
-66 1
52 -9
-66 0
1 55
-59 -2
-34 -23
-3 -43
23 27
-49 33
-52 8
59 -7
-18 -55
-45 33
-30 -49
28 -44
11 -50
38 41
42 39
9 53
53 0
44 35
48 26
-57 8
-31 -47
-19 -54
0 55
37 -17
8 -54
-13 -56
-37 -46
4 56
59 -6
-37 -47
2 56
60 -6
37 -41
-58 8
-35 -43
-40 -29
-17 20
61 -6
-14 -57
-61 -4
-45 34
4 57
-66 -1
-37 -44
-67 1
37 -42
36 -18
13 50
-68 1
50 22
55 -10
-38 -45
-14 -58
38 -42
-41 -29
52 33
46 4
-68 2
53 32
31 34
39 41
55 28
-33 37
-41 -30
38 36
-35 -22
1 56
-46 34
-63 4
-36 -47
24 -44
6 -46
-37 33
30 34
-39 -45
-39 -44
-10 -52
-44 34
51 16
3 57
-37 34
-18 -56
62 -6
42 40
5 -48
51 34
3 58
-67 -1
38 -43
37 -38
12 -49
50 21
54 28
-68 -1
0 49
1 57
-45 35
-58 9
62 -5
-1 55
59 -5
39 -43
-43 28
22 -42
-45 36
-62 -4
8 -55
56 29
61 -7
4 58
8 -56
5 57
-37 -24
33 38
14 50
50 15
-13 -58
54 32
-20 -54
0 56
-68 3
-36 -48
38 -38
-69 3
38 42
-36 -49
-26 30
12 -50
63 -5
52 4
56 28
-60 -4
51 35
9 -54
-36 -50
-31 37
-42 -29
9 -56
7 -56
-20 26
28 -36
40 -43
-50 33
15 -46
60 -5
40 -44
-50 -3
-37 35
-50 32
38 43
32 36
-31 -48
-59 6
-60 6
-37 -50
-43 34
54 -1
53 33
11 53
0 50
0 57
57 28
-37 -51
7 -54
-18 -49
61 -8
55 32
-69 1
53 4
0 48
54 33
-44 36
-48 30
-1 49
49 13
-1 57
-14 -59
3 59
13 -50
-59 8
3 60
-69 4
-61 -5
52 34
29 -44
6 -56
38 -37
-2 49
-42 -28
-49 -4
-2 50
27 -29
52 35
-46 36
32 37
2 59
5 58
-50 31
-3 49
-38 -47
-39 -30
37 -37
40 -42
22 -43
-2 57
-69 2
-30 37
31 37
-26 31
54 34
38 44
-67 -2
30 -44
3 61
-13 -59
-56 8
-38 -51
-63 -4
-51 33
-39 -43
-44 13
-29 37
-70 1
-26 32
-39 -51
-13 -60
10 -56
-67 -3
-3 57
64 -5
-67 -4
55 -1
-69 5
-47 36
-14 -60
65 -5
-32 38
-3 58
-20 27
-45 22
-68 -4
-61 -6
-68 -3
-14 21
5 55
41 -43
6 58
65 -4
56 30
19 23
38 -36
-37 -52
54 35
-63 5
57 30
39 -44
-40 21
42 -43
36 -19
60 -8
40 41
10 -57
-17 -56
-3 59
6 59
-48 36
49 12
-43 -28
31 -44
-63 6
33 39
-48 37
3 62
-71 1
-35 -49
42 -44
-70 5
65 -6
7 54
-69 -1
-48 11
2 47
43 34
-70 6
58 30
57 31
58 31
-38 -30
62 -8
-37 -53
2 62
-43 36
-28 -48
-48 38
37 -19
-32 39
59 30
31 -13
24 -45
28 -28
-25 32
-38 -53
57 -9
35 -42
51 15
37 -43
-40 -51
-12 -60
-43 37
54 36
-49 12
-51 34
2 63
-38 -24
-67 -5
-61 -7
39 -36
-49 -5
60 30
-13 -48
-4 35
2 64
-58 10
51 21
2 65
40 -45
-71 5
40 -46
14 37
-39 -53
7 59
-67 -6
39 44
-41 -51
15 50
-40 -52
-43 38
40 -47
39 -38
66 -4
1 65
-61 -8
57 32
-12 -61
58 -5
-42 38
40 44
-67 -7
-49 38
-72 1
41 44
10 -58
-31 -49
42 44
43 -44
-50 38
9 -58
-37 -54
-32 40
11 -56
-14 -61
-32 41
51 14
8 59
-71 0
1 66
-51 35
65 -7
-14 -62
-52 34
43 -43
-17 -57
42 45
-40 -44
67 -4
39 45
-66 -5
58 32
-36 -53
40 45
-12 -62
54 37
40 46
-43 39
-15 -62
14 49
-53 34
53 28
-44 -28
24 -46
67 -3
-16 -62
40 -48
66 -7
-63 7
44 -43
0 66
4 60
-44 33
-43 -27
-36 -29
-42 -51
60 29
-70 7
16 50
44 37
-52 33
1 64
17 50
41 18
45 -43
52 16
9 59
-35 -53
-72 0
-29 -7
-43 40
42 -45
17 51
-59 9
40 -38
67 -2
0 67
-11 -62
-42 -3
58 28
-48 39
40 -49
15 -47
6 -57
22 -44
-60 -8
3 65
37 -20
-72 -1
-20 -55
7 60
-72 5
-50 30
-42 -52
40 -36
2 66
45 -44
44 -42
-72 2
43 44
63 -8
41 -36
-42 40
42 -46
-73 5
66 -8
-11 -61
-61 -9
67 -8
5 -57
-58 11
-74 5
-53 35
-73 2
-45 -28
10 -59
55 37
-49 13
0 68
4 65
-75 5
5 -58
-10 -62
3 66
44 44
2 67
-74 2
-54 34
33 40
60 -4
61 29
39 -48
40 47
-48 40
67 -9
68 -9
-16 -63
-1 66
68 -2
-43 -52
37 -44
-18 -57
-11 -63
-28 37
52 21
-59 -4
-31 -50
69 -9
70 -9
-55 34
39 -35
4 -58
-53 36
51 36
5 65
51 13
-41 40
-16 -64
-17 -63
45 -42
-40 40
-39 -54
-49 40
53 5
-73 0
-2 66
-39 -55
-68 -6
45 -45
-39 -56
60 31
67 -5
40 48
-76 5
-4 59
56 -1
63 -9
-16 -65
30 35
10 -60
40 49
-58 -4
-72 -2
-4 23
-76 6
-56 34
-19 -57
-29 38
4 -59
-37 -55
5 66
-48 41
40 50
-37 -56
66 -2
-5 59
1 68
10 -61
-77 6
71 -9
71 -10
-41 -44
16 -47
-40 -43
-70 8
6 65
58 33
-58 12
39 -34
24 -47
45 -46
-15 -65
-77 5
0 69
6 66
-31 41
46 -45
17 -47
18 50
-44 -52
-59 12
-40 -55
-75 2
-78 6
-45 -52
-79 6
-39 -42
-72 -3
-48 42
-70 9
-35 -21
-45 -53
-48 43
-69 -4
-9 -62
-9 -61
39 -33
18 51
-50 39
-76 7
-3 66
-48 44
25 26
-36 -56
56 37
-31 -40
62 29
-42 -44
72 -10
70 -10
66 -1
-18 -63
-60 12
-30 41
41 50
44 38
-17 -65
-4 58
-49 42
-45 -51
19 50
-30 -50
-28 -11
-67 -8
-30 42
10 -62
24 -48
44 -41
70 -8
-19 -63
-67 -9
-76 8
70 -7
61 31
62 28
-48 45
-50 13
-36 -57
-80 6
-67 -10
3 -59
-47 43
9 58
-44 -51
73 -10
63 29
13 -49
-40 -30
-66 -8
-46 -51
-53 37
-21 -54
-73 -3
-46 -1
1 69
-9 -63
-61 12
-80 5
5 67
73 -11
19 51
54 -10
74 -10
39 50
-76 2
-70 10
2 -59
-20 -63
45 37
-44 39
68 -1
47 -45
-8 -63
-3 65
52 17
-44 -29
42 46
-35 -20
-45 -27
-19 -62
-3 64
47 -46
58 27
70 -11
67 -10
-61 13
-66 -10
-44 -30
-41 -50
-39 -57
33 41
-42 -45
-53 38
-68 -8
-54 33
-47 -51
-46 -53
-67 -11
48 -45
-48 46
-4 64
-4 27
-3 56
-18 -65
-5 60
61 32
1 70
-48 -51
0 70
61 33
40 -50
-54 37
-76 1
-38 -57
-1 70
-17 -66
-17 -67
-48 -52
-81 5
49 -45
-31 42
-16 -67
-48 47
75 -10
75 -9
55 -11
-45 -54
-80 7
-17 -68
38 50
29 -28
-43 -45
-69 -6
66 0
-20 -64
-2 67
2 -60
54 4
-80 4
62 33
49 -44
4 -60
-64 7
20 51
76 -10
-67 -12
-21 -63
-35 -56
1 71
36 -16
-81 4
77 -10
70 -6
41 -38
41 -50
-57 34
71 -7
-5 64
66 1
-48 48
63 33
-43 -26
-56 35
58 -9
-69 9
-76 0
66 -10
64 29
-81 3
69 -1
39 -49
42 50
-68 -11
-82 5
37 50
-9 -64
1 72
39 -32
10 59
1 73
-71 9
68 -3
-21 -64
-35 -29
-45 -55
-67 -13
-48 -53
41 -51
10 -63
-70 -4
39 51
-77 0
-48 49
-62 7
-49 -52
-83 5
-57 35
70 -1
-6 64
-84 5
-40 -54
-71 10
-49 46
-29 42
-27 37
-46 -55
50 -44
-43 -25
65 29
-31 43
-48 50
-48 -50
0 73
9 -62
49 -46
61 34
57 37
43 50
-50 -52
-49 -50
-38 -58
-43 41
44 50
-46 -28
49 -47
-46 -29
-80 8
-17 -69
36 50
-50 -53
-50 40
1 -60
42 -51
-45 -30
49 -48
45 50
-82 4
71 -6
9 54
-18 -68
50 -48
-81 8
11 59
-19 -68
-8 -62
-16 -69
-22 -63
-85 5
-2 48
-47 49
-78 7
-51 -52
0 74
37 51
50 -46
2 73
-71 -4
2 74
-74 1
61 -9
51 37
36 -43
-50 42
64 33
77 -11
-52 -52
-53 -52
14 -50
-48 51
-32 43
-81 2
37 52
-55 37
-15 -67
65 30
-76 9
78 -11
58 37
43 51
-21 -65
-39 -58
2 75
-66 -12
-2 68
65 31
51 -48
-14 -65
39 -50
58 36
-46 49
-73 -4
-22 -64
-82 8
42 -36
78 -12
-58 35
-46 -56
52 -48
45 51
-50 -54
-22 -65
-14 -67
79 -11
64 34
54 38
78 -13
78 -14
13 -51
-50 41
66 30
1 75
71 -5
3 75
-38 -59
-45 -56
-48 52
80 -11
81 -11
-82 2
-55 38
17 -46
-7 -63
51 -49
-83 2
-47 -56
-51 36
79 -13
-78 0
75 -8
78 -15
-82 9
65 34
73 -9
-82 10
-83 1
66 2
-47 -28
-50 -55
53 -48
72 -11
-82 11
-15 -69
65 28
37 53
46 50
54 -48
58 38
58 39
38 -10
-50 46
66 34
4 75
9 -53
10 -64
13 51
45 52
46 52
79 -15
-78 -1
-6 60
79 -16
79 -10
-58 36
-82 12
-49 48
-54 -52
-58 34
-40 -58
-59 34
-60 -7
-83 10
38 53
65 27
-73 -5
-68 -13
47 52
9 60
71 -1
-22 -54
-17 -70
-81 10
-41 41
-53 -53
-53 39
67 30
67 31
67 34
4 74
-68 -10
63 -4
44 52
65 -10
3 76
-54 32
-49 43
-2 69
-41 -58
-42 -58
54 -49
-83 8
81 -10
-81 12
55 -48
-65 -10
-51 46
-48 -56
-67 -14
72 -7
57 38
35 50
-35 -55
-47 -29
-86 5
-50 48
-84 6
-52 -53
-48 53
-84 7
-65 -12
11 -62
-83 0
68 30
-47 53
-43 -58
-85 7
-19 -69
80 -16
59 39
46 53
80 -17
37 -21
-58 33
-83 -1
54 -50
80 -18
42 -52
53 -47
-7 64
-19 -70
32 -44
64 35
80 -13
-41 -43
1 76
-13 -67
-7 60
-84 10
11 -64
-43 -59
60 39
37 54
35 49
69 30
60 28
28 -45
0 75
42 -53
