-1 0
0 1
0 2
-2 0
-2 -1
-1 2
-3 0
-1 3
1 1
2 1
-3 -1
2 0
-2 -2
3 0
-4 -1
-2 -3
-5 -1
-6 -1
-6 -2
-2 -4
-1 -4
-1 4
3 -1
-7 -1
3 1
-3 -4
-1 -5
-1 5
-2 5
4 1
-2 6
-3 -5
-1 -6
-1 -7
-6 0
-7 0
-8 -1
5 1
-1 -8
6 1
-9 -1
-9 -2
-3 6
-1 -9
0 -9
-3 -6
-2 7
-3 -7
6 2
-6 -3
-2 8
-8 -2
-1 8
-1 9
1 -9
-1 -10
-10 -1
-2 9
4 2
2 -9
-1 -11
5 0
-7 -3
-2 -11
3 -9
-10 -2
0 9
7 1
-10 0
1 9
7 2
3 -8
8 2
-2 -12
-2 10
-3 7
-11 0
-2 -13
6 3
4 -9
-2 -14
0 -11
9 2
-12 0
9 1
-3 -14
-12 -1
-10 -3
-2 11
-13 0
5 -9
-3 -13
6 -9
-3 -15
10 2
-13 1
6 4
9 0
-14 0
6 -10
-11 -3
1 10
-2 12
-13 2
2 10
-4 -15
-4 -16
6 -11
-3 11
2 11
-15 0
-14 -1
3 11
2 12
-16 0
-4 -17
-12 -3
6 -12
2 13
6 -13
-3 -11
4 11
-2 -15
3 13
-13 -3
-17 0
-2 13
-13 -4
-3 13
-13 3
-5 -17
-17 -1
10 3
4 13
-2 14
-1 14
11 2
-5 -18
-18 -1
-6 -17
-3 -8
2 14
-18 -2
-16 1
-1 15
4 14
-4 -18
-18 -3
4 12
-4 11
-16 2
-19 -1
11 3
-1 16
2 2
-6 -16
5 14
7 -9
6 -14
-19 0
5 12
0 16
-1 17
-7 -17
-3 -18
-7 -18
10 0
-2 -18
-17 2
-7 -16
4 15
-13 4
-4 -19
12 3
-17 -3
-19 -3
8 -9
-18 2
-7 -19
11 0
-20 -3
-21 -3
-13 -5
-20 -4
-13 5
-19 1
9 -9
-4 -20
-5 11
12 4
13 3
-6 11
-22 -3
-23 -3
-17 -4
11 -1
-24 -3
-5 -20
-7 11
-21 -4
12 5
-13 6
-8 11
6 -15
-4 -7
-1 18
1 16
-20 1
9 -10
-25 -3
-1 19
-2 18
-7 12
7 -13
9 -8
10 -8
6 14
-1 20
-18 3
1 17
6 15
-3 -20
10 -9
6 -16
11 -9
-22 -4
-13 -6
-2 -20
7 -16
-18 -4
-13 7
-3 18
-24 -4
11 -8
7 -17
-22 -5
-1 21
-4 18
-25 -2
-25 -1
13 5
-25 0
13 2
11 -7
-12 -6
6 16
-22 -6
14 3
7 15
9 -11
13 6
8 -17
8 -16
-5 18
8 15
-9 11
-9 12
15 3
-8 -17
-9 -17
-8 -19
1 18
12 -7
1 19
12 -8
13 -7
-10 12
-16 -4
-25 1
13 -8
1 8
12 -1
-6 -20
-19 3
8 14
10 -11
-26 0
-4 17
14 -8
-14 7
14 -7
9 -17
16 3
-10 13
7 -18
-5 19
-26 -3
15 -8
-4 -21
10 -17
-17 -5
14 6
-3 19
-2 21
-26 1
-10 -17
-7 -15
13 7
10 -18
-27 1
-22 -7
-24 -5
14 -6
-17 -6
-22 -8
17 3
15 6
-14 -6
-2 -21
6 -17
-23 -7
10 -19
-24 -7
15 -9
-14 8
11 -17
17 4
-7 -14
14 -5
7 -19
-17 -7
-25 2
-27 2
-9 -19
-11 -17
-12 -17
-27 -3
18 4
-6 18
-10 14
-11 14
-2 22
6 17
-17 -8
15 -6
4 16
-7 18
-27 3
-12 -18
-8 -20
-1 -20
15 7
-27 -2
18 3
-2 23
9 15
-28 -3
-6 -21
10 -20
6 -19
-27 4
-2 24
11 -20
-1 22
16 -6
-10 -19
19 4
7 17
-17 -9
-5 -21
-9 -20
-12 14
8 17
-23 -8
-28 1
7 18
-6 -22
-3 24
-28 3
-7 19
0 22
-8 19
-28 -2
-26 4
8 18
-29 3
-4 -22
-5 20
-28 0
-4 -23
-15 8
-25 -7
-6 -23
9 16
19 5
-29 1
20 4
-23 -9
-29 0
-30 3
-3 25
2 18
-1 -14
10 16
12 -20
10 -21
4 10
-12 -16
7 -20
11 -21
-7 -23
13 -20
15 -10
-2 25
11 -22
13 1
-8 20
16 -5
16 -10
11 -23
18 2
-2 26
-4 25
10 -23
-1 26
13 -21
14 -4
-8 -23
-27 5
-13 -16
19 6
-14 -16
11 16
-9 20
-26 -7
-30 2
17 -5
-29 -3
-30 0
-31 0
20 6
17 -4
9 -23
-4 26
-23 -10
-14 9
9 -24
-31 1
8 19
-12 15
-8 -24
9 -25
-32 1
-33 1
7 19
-24 -9
8 -25
11 15
-31 -1
-9 -24
-33 0
-34 1
20 3
-35 1
-36 1
-30 -3
-35 2
9 -26
0 -20
-23 -11
-35 3
-12 16
13 -22
0 -21
-9 -25
10 17
-10 -25
-10 20
-1 27
16 -11
-10 -26
-8 -25
0 27
13 -23
4 17
9 19
-1 28
17 -10
11 17
-2 28
-36 0
11 18
-23 -12
-37 0
-38 0
-24 -12
14 -23
-32 -1
-15 -16
-39 0
15 -23
-27 6
8 -26
-28 6
9 -27
-25 -12
-25 -13
21 3
9 -28
-5 25
16 7
19 7
22 3
-40 0
10 -27
-5 24
-35 0
-23 -13
11 -27
-6 24
-36 3
9 -29
-32 2
-13 16
22 2
12 -27
-27 7
-39 -1
-14 16
16 -23
-6 25
-28 7
17 -11
7 -25
-26 -12
-29 7
-27 8
-29 8
-30 4
16 -24
21 6
-14 17
8 20
7 -26
-12 -19
16 -8
7 20
7 21
-1 29
17 -8
19 8
12 18
9 -30
-40 1
-40 2
-11 -25
7 22
22 6
-12 -25
-12 -26
-7 25
8 -28
-31 4
14 -24
16 -22
-41 2
9 -31
-27 -12
12 19
22 1
-39 -2
17 -24
-34 3
-15 -17
13 -27
-2 29
-28 -12
-42 2
7 23
17 -22
7 24
-1 30
-42 3
11 -28
-38 -2
-8 25
-39 -3
8 23
-37 3
-9 25
17 -21
9 23
12 15
-1 31
12 20
-39 -4
-29 -12
-28 -13
-42 4
-42 1
22 7
9 24
-42 5
10 -31
23 1
-43 1
-30 8
-42 6
-43 4
-42 0
23 2
18 -24
-1 32
-1 33
9 -32
18 -11
-30 9
-8 -26
19 -24
-38 -4
14 -27
11 -29
-38 -5
-12 -20
-13 -25
-38 -6
-14 18
-8 26
-44 4
8 -29
23 7
-29 -13
0 33
1 33
14 -28
13 -19
12 17
-30 -12
-27 9
-38 -7
1 34
-8 27
8 -32
1 35
14 7
2 35
19 -25
-38 -8
13 19
-2 31
-28 9
23 6
-7 27
-25 -14
3 35
-8 28
-28 10
23 8
24 8
-1 34
19 -26
-12 -27
-37 4
-26 9
-13 -20
6 -26
14 -29
24 9
18 -10
-37 -7
-16 -16
14 -30
11 -31
17 -7
-42 7
-9 27
3 36
-15 -18
12 21
14 19
9 25
12 16
-14 -20
-7 28
-8 -27
-9 28
9 -33
-10 -27
-9 21
15 -28
-42 8
-26 -14
20 -25
-45 4
-10 -28
13 -30
15 19
-1 35
0 28
9 -34
12 -17
-7 29
4 36
-10 27
-11 27
-31 9
9 -35
-26 -15
18 -26
16 -28
-2 35
-31 -12
-40 -4
5 36
-38 -9
8 -35
19 -11
-15 9
-44 1
12 22
-13 14
-14 -25
-32 9
9 -36
18 -9
10 -36
19 -10
-29 -14
11 -36
-13 -27
6 36
-29 -4
-39 -6
-1 36
-13 -28
15 18
6 37
-12 27
10 -37
-15 17
-43 8
-38 -10
-44 8
-3 31
13 15
-44 7
24 1
5 -26
-44 9
19 2
-13 27
-14 -24
-40 -5
-33 9
-6 -24
-38 -11
-44 0
-32 -12
-43 9
-26 -16
6 38
-2 -22
-44 -1
17 -28
-13 26
-10 -29
-10 21
-6 29
-9 -29
-44 -2
24 10
-44 10
7 -35
-34 9
10 -38
-14 27
-45 10
5 38
7 -36
15 17
10 24
-32 -13
-14 -28
12 23
25 8
23 0
7 38
18 -7
-1 37
15 -30
-35 9
-44 6
18 -21
-4 31
6 35
-14 28
5 39
17 -29
-25 9
20 -26
-39 -7
-24 9
-45 1
16 19
8 38
-30 10
20 -27
-45 3
11 24
-9 -30
23 -1
-25 10
13 23
-40 -7
-39 -11
-3 35
-24 10
-14 29
19 -23
24 0
-41 8
-15 29
23 -2
20 -11
-15 -28
4 38
25 10
-44 -3
-44 11
20 -23
-38 -12
16 20
-33 -13
-44 12
-15 30
-15 31
-41 -7
-16 -18
-44 13
-2 37
-3 37
-45 13
-45 -3
-4 35
5 40
-46 1
26 8
11 -38
-39 -12
-14 -7
-43 11
12 -38
-1 38
-41 9
-16 30
-42 -7
6 40
12 -39
21 -11
7 40
-13 29
20 -12
-16 31
-39 -13
12 -36
26 7
10 25
20 -28
-35 10
3 38
0 38
-46 4
19 9
6 41
-17 30
17 -30
27 8
-15 -29
-46 10
21 -12
21 -26
13 -38
-37 -12
-26 -17
-45 14
-13 25
6 -36
24 6
-47 4
24 5
-47 5
12 -40
-30 11
-10 -30
-24 11
14 -38
7 41
-39 -9
0 39
14 23
6 24
17 19
26 10
-18 30
-15 -30
21 1
-47 1
-46 -3
21 -13
-40 -12
5 -36
-41 10
23 -3
-4 37
-12 29
-33 -14
18 19
27 7
-15 -31
22 -26
-45 15
-39 -14
23 -26
-46 11
-26 -18
-7 30
19 -7
10 26
18 -20
4 -36
-43 13
-40 -13
-43 -7
14 -39
16 21
-15 -32
-15 -33
-48 1
-1 39
-46 -4
-47 6
5 -27
-34 -14
26 11
-47 -3
-27 -18
-46 -5
-48 2
-37 -13
28 7
6 42
-12 30
-41 -13
-46 13
3 -36
-40 -9
-39 -15
6 43
21 -10
-34 10
8 41
-48 6
18 20
5 43
17 -31
9 -38
-34 -15
22 -13
-42 -13
-38 -15
8 40
-49 2
24 11
27 11
-16 -31
-19 30
-46 15
-50 2
-43 -8
-16 32
-43 -13
29 7
3 -35
28 11
-16 17
-16 -29
-43 -6
30 7
27 12
-17 32
-20 30
6 44
5 44
-49 6
6 34
20 -29
21 -28
19 19
-50 6
30 8
-17 -31
28 12
-51 6
31 7
12 -41
12 -42
15 -38
27 13
-30 -14
8 39
9 -39
8 -39
2 -35
21 -14
-21 30
0 40
-42 13
-47 13
-43 -14
18 21
31 8
2 -36
-16 33
6 45
-21 31
-17 -29
-41 -14
4 44
6 46
-15 -34
19 21
-22 30
-47 10
20 -22
-21 32
21 -9
32 7
22 -10
20 21
1 -36
32 6
-47 -5
11 -42
-52 6
-1 40
29 12
8 37
29 13
23 -25
4 45
-48 -5
32 8
24 -3
-48 13
20 -30
33 6
-4 38
8 42
-49 -5
4 46
15 -39
-50 1
12 -43
-16 -34
-15 -35
-22 32
32 5
1 -37
-53 6
20 22
23 -10
-15 -36
-41 -15
-15 33
-47 15
-34 -16
19 -20
8 -40
-49 -6
32 4
-16 34
10 -42
21 -30
12 -44
1 27
23 -13
11 -44
-50 -6
-49 13
-54 6
-19 31
20 -31
-33 -16
25 -3
-50 -7
-34 -17
18 22
-48 -6
24 -13
-43 -9
-6 -25
15 -37
13 -43
12 -45
1 -38
-23 32
-55 6
12 -46
-16 -36
33 8
25 -13
-15 -27
5 -37
7 46
-54 5
-49 12
-43 -12
11 -46
2 27
-47 16
-17 -36
-24 32
22 -30
-17 -32
-5 37
33 4
4 47
3 47
-50 -5
-22 29
0 -38
-25 -18
-51 -7
33 5
-34 -18
-25 32
-4 39
-55 5
3 45
-25 33
-47 17
23 -9
-18 -32
16 22
-17 -37
-44 -13
31 9
-26 33
-16 35
-41 -16
-54 4
-17 -38
-55 7
13 -46
-21 33
-51 -5
15 -40
-52 -7
20 -32
32 9
24 -9
-56 5
10 -46
25 5
13 -44
16 23
0 -37
-24 33
-51 2
-52 2
-17 -39
5 -38
-53 -7
-23 33
8 43
-34 -19
10 -44
-30 12
-47 18
-56 7
13 -47
13 -48
10 -47
-57 5
9 39
-50 12
-18 -36
21 21
14 -48
20 -33
29 14
20 -34
24 -25
-54 -7
-41 -17
25 -25
14 -49
-19 -36
-58 5
-15 34
-40 -17
20 -20
34 4
-43 -15
-18 -29
24 -24
-14 19
-16 36
-41 13
34 3
22 21
10 -48
-27 33
15 -36
-16 37
-52 -5
8 46
-16 38
21 -34
34 5
15 -49
-26 -19
-43 -16
26 -13
-17 -40
30 14
-53 7
-4 40
9 43
4 48
-17 -41
5 -39
-55 -7
-15 -37
-55 8
-50 13
-18 -28
9 -46
27 -13
-17 38
-20 -36
-46 17
-55 9
5 48
34 8
10 -49
25 -24
9 44
-18 -38
34 9
32 3
16 -38
-1 -37
25 -9
-18 -41
-45 17
34 10
-6 37
-45 18
-56 9
15 -48
-2 -37
35 3
-27 34
-15 38
-58 6
-47 19
-15 -38
-23 29
22 -34
16 -49
-14 -38
35 2
-54 -8
-28 -18
-27 32
23 -34
-2 -36
7 47
-17 -42
10 -50
17 -49
-3 -37
1 40
-58 4
-47 20
9 -50
-40 -18
23 -33
-24 34
-54 -9
-48 20
-27 35
-17 39
1 -39
10 44
9 42
27 -14
-47 21
9 -51
-51 13
9 46
3 46
-54 -10
-45 19
36 3
8 -51
-28 33
23 -35
-46 21
3 48
20 23
4 49
30 15
-14 38
-14 -35
18 -49
22 -28
11 44
20 24
-16 -19
35 1
-25 34
7 48
-18 39
-7 37
20 -35
-48 19
19 -49
20 -49
12 44
20 -36
35 0
12 45
17 -38
20 -50
20 -51
28 -13
1 41
-19 -38
-19 -41
-55 -6
8 48
20 -52
16 -50
24 -33
-7 38
31 15
-49 20
-44 -16
-28 35
-49 21
-29 35
-54 -11
-50 21
2 46
-56 -6
16 -51
-58 7
15 -41
24 -35
-19 -29
-20 -41
26 -25
-54 -12
-59 5
-43 -11
-7 39
7 35
21 -52
-20 -40
16 24
-57 9
14 -46
23 21
-35 -19
35 5
-55 -12
-14 39
-8 39
10 46
25 -10
8 -46
-30 35
31 16
30 16
14 -50
7 49
-17 40
-51 21
-60 5
19 -52
-17 41
-18 -42
7 50
-31 35
20 25
-55 -13
-61 5
-26 -20
-44 17
37 3
-62 5
-56 10
-20 -38
-18 -43
7 51
-60 6
-45 -16
-16 -41
-62 4
-4 41
-51 22
-19 -32
-4 -37
-58 9
-32 35
-20 -35
-31 34
8 36
-15 -41
-21 -36
-35 -20
-18 40
23 -30
-14 40
6 51
-56 -13
20 -53
-57 -13
-32 36
-17 -43
32 15
-28 -19
38 3
-26 -21
23 -36
-22 -36
8 -52
3 44
2 48
-18 41
-39 -18
-3 -38
-3 -39
39 3
-52 21
9 48
20 -37
-18 42
1 48
25 -23
-57 -6
7 52
-56 -14
21 -53
8 52
-53 -10
-58 10
10 48
1 49
-51 23
7 -51
40 3
11 48
12 46
19 -53
14 -51
-15 -42
20 -48
-59 9
9 -52
36 1
-21 -40
-52 22
-44 -17
-57 -14
-4 -38
-18 43
37 4
-33 35
9 52
9 53
32 16
7 -50
21 -48
-58 -13
-53 22
-31 36
-44 18
-33 34
-36 -20
20 -54
33 15
-44 -12
27 -15
-10 -31
40 2
35 6
-14 -33
-54 22
25 -22
-34 35
-34 36
8 -45
19 -54
9 54
9 55
-18 -27
-54 21
-14 -39
-58 11
10 55
-35 36
-25 -19
12 48
-59 -13
6 33
2 49
13 48
34 15
-36 36
13 -51
-34 -20
24 -32
24 -36
-21 -41
-37 36
38 2
24 -37
13 49
-62 3
-37 37
41 3
20 -55
-34 37
-63 3
-22 -35
14 48
30 17
-62 2
32 17
-20 -42
29 -13
7 -52
20 26
16 -52
7 53
25 -32
23 22
-14 -40
27 -16
20 -56
31 3
11 55
35 15
-51 24
-17 -44
22 -53
21 -55
1 46
18 -53
24 -34
25 -34
-63 2
-44 -18
7 54
35 16
24 -8
-55 22
20 -57
-27 36
-51 25
36 15
-18 44
6 52
-44 -19
-52 13
15 48
17 -48
7 -45
-62 6
30 -13
21 -47
13 50
-3 -40
-14 -42
22 -55
-57 -15
40 1
20 -38
-37 38
-56 -15
-37 39
11 54
-23 -36
-57 -5
1 50
41 4
-63 6
16 48
6 -52
-38 36
-34 38
-22 -40
-20 -43
23 -53
7 55
9 -53
14 -45
-46 22
-54 -13
42 3
20 -58
-20 -44
-19 -27
17 48
0 48
-58 -6
1 42
40 0
-58 -15
-17 44
9 56
-17 45
-39 36
7 -53
18 -54
-56 -12
-40 -19
-1 48
-19 41
42 2
37 15
-17 -45
-14 41
24 -53
-58 -16
17 49
2 50
-4 42
-2 48
-14 42
25 -36
42 1
9 57
-37 40
13 -52
-2 49
-64 6
10 57
30 -14
21 26
-18 -45
37 14
-3 -41
26 -23
24 -52
7 -54
-40 36
-20 -45
43 3
-56 22
-22 -41
-3 49
-63 7
19 -58
-57 22
5 -52
20 -59
-18 -46
-59 -15
-59 -6
24 -51
-22 -39
30 -15
-30 36
-20 -46
40 -1
33 17
-19 39
35 17
41 -1
-40 35
25 -37
43 4
-14 43
-24 -36
-45 -18
9 58
-3 50
-46 23
-37 41
4 -52
-36 -21
17 -54
-38 39
43 5
-24 -37
-21 -46
44 4
4 -53
36 17
-38 40
-36 41
-13 43
26 -36
-55 -15
-64 2
-25 -37
25 -38
21 -58
2 51
11 57
-57 23
-59 -16
-56 -11
-20 -29
30 18
9 59
44 3
25 -53
-4 49
-38 41
35 18
25 -54
-52 25
-22 -46
-3 51
-17 46
23 -55
12 57
-58 22
-14 -43
-65 6
-41 36
-62 1
27 -17
20 -60
-57 21
-36 40
4 -54
27 -36
-39 40
-38 35
10 59
3 -53
9 60
-42 36
13 57
-26 -37
-58 -7
35 19
41 5
-60 -6
-46 -18
-26 -36
-37 42
37 17
-23 -46
4 50
44 5
-58 -17
-24 -46
-24 -47
-66 6
24 -50
-52 26
-52 27
9 -54
25 -55
-24 -48
-54 -15
-58 12
45 3
-57 12
9 61
14 57
-19 43
6 55
35 20
-26 36
-60 7
9 62
-24 -49
-60 -15
38 17
34 20
-23 -49
45 5
23 -56
-60 -14
3 -54
-40 40
2 -54
46 5
41 6
23 -28
-40 -20
26 13
-53 27
42 -1
-23 -50
46 3
10 -52
-24 -50
-60 -7
47 5
1 -54
23 -57
-37 43
46 2
20 -39
-53 26
-61 -14
7 -55
-35 -21
-36 43
-4 51
-54 26
-58 -18
23 -58
-60 -8
-52 28
-59 -17
40 -2
11 43
-62 0
-66 7
-24 -51
14 58
-43 36
-66 5
33 20
-67 6
-17 47
-35 43
17 50
-62 -14
-4 50
-46 24
26 -26
-2 51
0 -54
-27 37
2 52
-20 -47
48 5
46 1
26 -32
15 58
31 -15
-58 -19
28 -36
-27 -37
-59 22
-3 52
-25 -38
-25 -47
-60 22
-18 -47
-68 6
-1 -54
-68 5
-58 -20
6 -55
-24 -52
-17 -47
-62 -15
20 -61
-61 22
0 -55
-69 5
49 5
-25 -51
38 15
-46 25
35 21
-13 44
26 -54
29 -36
-66 8
17 47
-59 -20
12 -52
-62 -1
8 62
19 -61
-20 39
9 41
26 -38
-61 -13
-66 9
50 5
-17 -48
-39 -20
25 -51
-63 -15
-61 23
-18 46
9 -55
29 -35
-47 24
-55 10
-36 44
-18 -48
20 -62
18 50
-68 7
-54 27
35 22
-17 -49
30 -16
-58 -21
-62 22
26 -53
-64 -15
26 -52
2 -55
-35 42
-24 -53
-46 26
-25 -53
-40 41
-63 22
-70 5
21 -62
-68 4
-4 52
-66 10
24 -57
-52 29
-36 45
7 62
-47 -18
-70 4
48 6
50 4
18 51
26 -55
-60 -16
10 62
35 23
-34 -21
41 -2
18 48
19 -57
1 52
-35 45
-69 7
1 -55
18 47
-57 -21
30 -35
-64 -16
-5 52
38 14
-54 28
-71 4
-70 7
-26 -51
8 59
51 4
36 21
37 21
-63 23
-63 21
8 63
35 24
-43 -19
-68 3
42 -2
8 64
-61 24
27 -55
19 26
-61 -1
41 -3
0 -56
51 3
51 2
43 -1
-23 -53
-64 -17
28 -55
20 -63
50 6
-27 -51
14 56
29 -55
-65 -15
-59 -21
27 -56
-57 20
-16 -45
-65 10
-34 45
-40 -21
2 -56
-36 46
-66 -15
-33 45
-44 -14
-70 8
-60 24
-61 -6
-24 -45
18 -57
-71 8
-25 -54
10 63
-52 30
-16 46
-40 42
-56 -21
47 1
27 -26
10 64
35 25
-34 -22
-64 23
-1 -55
11 64
-43 37
19 -62
-64 21
-44 36
-17 48
7 -56
51 6
-26 -54
-55 -21
31 -14
11 65
8 65
-65 23
25 -39
8 66
-71 3
-25 -46
-55 28
-18 48
6 62
-3 -42
52 6
-60 25
25 -50
32 -14
16 -54
13 -53
9 66
36 25
-36 47
-36 48
22 -62
24 21
9 37
8 -56
-37 47
-67 -15
-72 3
27 -57
-30 37
-26 -46
27 -25
36 26
23 -59
50 7
27 -58
-59 -22
-28 -37
-34 -23
52 4
-61 21
-5 50
11 66
5 52
-1 -56
-44 35
19 27
18 -62
-44 37
33 -14
-59 -23
23 -62
9 67
12 64
9 68
-17 -50
7 -57
-36 49
-61 25
-45 35
37 25
0 -57
12 65
1 53
-57 -11
-33 44
7 -58
-65 -17
29 -37
8 -58
34 -14
-67 10
-37 44
27 -59
-37 49
-56 28
-71 5
-26 -55
51 7
-66 11
27 -60
35 26
-68 -15
-3 53
51 1
-67 11
8 67
51 0
20 -64
14 59
28 -25
-28 -36
-71 6
35 -14
-72 2
52 7
-71 9
38 18
28 -60
15 57
27 -61
-69 -15
-52 31
-26 37
7 67
-5 53
51 8
-73 3
27 -62
9 69
-73 2
-70 -15
24 -39
25 21
-25 -55
-74 2
-62 -13
-28 -35
-40 43
-23 -54
28 -17
-52 32
-73 4
29 -60
38 21
-46 35
52 8
-23 -35
1 54
30 -60
-74 1
27 -23
6 -58
38 25
28 -62
-52 33
-74 0
-2 -54
-37 46
35 27
-3 54
-1 -57
53 4
-34 -24
-56 29
-32 44
-61 26
-38 47
8 69
-2 -57
-2 -56
20 -47
26 -10
-74 -1
-68 11
53 6
6 -59
-75 2
-41 43
-67 12
-68 12
54 6
-60 -21
-70 -14
39 21
6 67
31 -60
18 52
-62 -12
54 7
18 -63
5 -59
18 -64
-35 49
-71 -15
47 0
30 -55
-71 10
13 65
23 -63
-53 33
8 70
-65 21
15 59
39 25
-35 50
-65 24
-66 21
-47 35
30 -37
-61 27
18 -65
25 -40
54 5
35 28
-69 12
-62 27
36 27
-63 27
47 -1
27 -38
38 16
-35 51
-17 49
-26 -56
39 -2
-38 49
-36 51
-75 -1
-64 20
7 70
-69 -14
6 70
36 28
20 -65
28 -63
19 28
47 -2
-48 35
5 62
-74 -2
-34 51
26 -40
31 -61
-72 10
28 -64
13 66
30 -34
-26 -57
31 -37
27 -52
-29 -37
18 53
-8 -30
-48 36
-76 -1
-61 28
14 66
-75 3
31 -62
-76 0
-69 13
53 3
-73 10
-66 20
37 28
-43 -20
52 9
36 29
24 22
32 -60
-66 22
10 37
-72 -15
54 8
52 10
-30 -37
-59 -24
5 -60
55 8
40 25
23 -64
35 29
28 -52
9 70
-59 -25
-28 -51
13 64
52 1
-77 -1
9 71
6 68
-43 38
5 -61
16 59
-26 -58
-60 -25
24 -64
54 3
-69 -16
15 66
-28 -34
-41 44
-76 3
38 28
20 -66
39 17
-28 -38
19 -66
-61 29
9 72
55 5
5 -62
5 -63
-73 -2
-60 -26
-41 45
31 -59
-38 50
-26 -59
28 -65
29 -64
30 -56
56 8
56 5
-78 -1
-79 -1
-77 3
18 -61
56 9
-66 -17
26 -50
-38 51
30 -33
34 -15
5 68
-26 -60
17 59
-64 27
-61 -26
-54 33
10 72
5 70
18 59
4 -62
15 -54
-67 20
4 70
6 61
-66 24
-69 -17
19 -67
41 25
33 -60
18 54
-28 -52
-68 -17
-25 -59
10 73
33 -61
10 68
30 -12
39 28
31 -58
-39 51
40 26
31 -55
10 74
0 -58
-69 14
18 55
-39 52
18 56
34 -60
-35 52
-33 51
18 -67
31 -36
-62 29
-29 -34
41 26
19 48
-73 11
27 -18
34 -61
-79 -2
-69 -18
3 70
-74 10
35 -61
30 -17
-75 10
17 60
-65 27
-76 10
53 10
-28 -39
9 74
42 26
-76 11
-72 -2
29 -52
43 26
-39 53
9 75
-64 28
-39 54
56 10
-52 34
-3 -57
-77 11
-4 -57
-78 11
3 -62
19 59
-80 -1
44 26
-75 -2
57 9
-57 -22
58 9
-78 10
-27 -57
30 -38
36 -61
58 10
28 -66
-61 30
33 -59
19 51
28 -67
-79 10
6 -63
-80 0
-16 49
36 -62
-60 -27
-31 -37
2 -62
8 75
-80 1
19 56
57 5
-67 24
54 10
57 6
-64 29
-60 -28
-22 -54
-76 -2
7 -63
-18 49
29 -67
2 70
-68 20
-71 -16
-16 -50
27 -67
39 18
29 -51
58 11
-25 -57
-60 -29
56 4
-60 -30
0 -59
-28 -53
-79 11
20 48
55 10
-56 -22
-55 -22
19 53
-79 9
-81 -1
-69 -19
-48 37
-26 -61
-72 -16
42 27
-69 20
-80 2
19 -68
-70 -19
7 -64
48 -2
-68 24
8 76
8 77
48 -3
-5 54
-28 -40
36 -14
-26 -47
23 -65
37 -61
-38 54
-30 -34
-17 50
-41 46
-68 25
-55 33
29 -50
-3 -54
-29 -53
16 66
27 -27
35 30
-78 12
37 -62
1 -62
-61 -29
-32 51
19 -69
7 77
-70 -20
30 -67
-39 55
8 -64
-64 -18
-60 -24
-64 30
57 4
38 -62
-80 10
49 7
15 67
58 4
-52 35
16 67
20 53
3 71
-39 56
-27 -61
-52 36
8 -59
-77 12
-35 53
11 73
59 4
-76 9
60 4
-67 -14
61 4
-73 -16
57 11
-70 -21
-26 -62
-82 -1
-64 31
0 -62
7 78
54 11
59 9
5 -64
30 -39
-70 20
5 -65
32 -36
30 -32
-83 -1
38 -63
62 4
18 46
16 68
26 -67
26 -68
-26 -63
37 -14
-70 21
19 60
60 9
8 78
19 -70
34 -59
61 9
-72 -14
54 2
-24 -57
38 -61
28 -27
-27 -47
25 -68
-65 29
50 8
-26 -64
-70 22
-45 37
-1 -62
8 79
-24 -59
38 -64
32 -37
-26 -65
9 73
-71 -21
-70 -22
-65 30
-81 10
20 59
17 -61
37 -64
-59 -30
-20 41
-6 50
39 -61
-78 13
-81 9
-72 -21
49 -3
-71 22
26 -69
10 75
15 68
-38 56
57 12
6 78
33 -36
-38 57
31 -54
-26 -66
-66 30
-83 0
-83 -2
31 -53
-73 -17
-39 57
40 -61
62 3
-82 9
-26 -67
31 -32
-23 -59
-61 -24
-49 37
-56 30
16 65
-3 55
2 69
63 4
8 -65
-27 -65
-60 -31
40 -62
-61 31
61 10
40 24
20 -69
-4 -58
52 0
-39 58
-83 1
31 -52
16 69
28 -26
49 -4
61 11
41 -62
9 79
-74 -16
35 31
8 -66
-62 31
3 72
34 31
26 -70
-66 31
27 -70
-3 -53
-7 50
44 27
-38 58
-66 27
19 61
1 69
-71 23
16 -61
33 -37
-38 59
-28 -61
-70 -13
-69 25
10 79
0 -63
-29 -40
28 -70
-25 -66
-73 -14
63 3
1 68
-1 -63
-79 13
-38 60
8 80
-65 31
19 62
0 69
62 5
-42 46
11 79
41 27
27 -71
-32 52
5 78
32 -52
42 -3
62 11
20 28
11 80
57 13
43 27
40 21
4 78
10 71
42 -62
64 4
-62 -29
-70 25
64 3
42 -63
-66 32
-38 61
38 -65
38 29
-84 -2
33 -38
-83 9
-67 32
26 -71
11 81
62 12
-64 32
-84 9
-30 -53
-2 -63
19 63
-83 10
-31 -53
-26 -68
65 4
38 -14
66 4
63 2
-34 -25
47 -3
43 -63
-2 -42
7 -66
-61 32
-4 -59
-61 -31
-3 56
8 81
8 82
-62 -30
7 80
43 -64
-62 32
-56 33
-42 47
41 -61
-83 11
-71 -22
44 -63
63 1
25 -71
27 -72
63 12
-74 -15
44 -62
-31 -54
-31 -34
36 -64
-83 2
-32 -54
-63 -29
45 -63
-33 -54
-80 13
64 2
21 27
-67 31
28 -72
-15 -50
63 0
20 56
-71 -23
4 77
33 -52
-57 33
17 -67
1 67
-52 37
9 82
-53 37
2 72
67 4
-81 13
7 82
63 13
20 51
-59 -31
-74 -17
28 -73
8 83
20 47
33 -39
63 14
-25 -68
44 -64
-70 26
38 -66
64 14
-64 -29
57 3
0 67
41 21
39 29
29 -73
21 48
37 -66
-24 -68
35 32
-72 -23
-84 11
-19 49
-24 -69
-22 -59
-38 62
-84 12
-40 54
-65 -29
56 12
64 0
-84 13
39 -60
50 -4
3 73
-58 -31
0 70
-4 -60
-39 61
-72 -24
19 -71
-71 -24
-72 -25
12 79
11 82
45 27
20 -70
21 56
-40 58
44 -61
-85 11
6 82
-40 61
-85 13
65 14
-84 -3
62 0
45 -62
39 30
-24 -70
-4 -61
-79 -3
24 -71
8 84
63 11
9 84
10 84
29 -74
17 68
8 35
33 -13
46 -62
-41 61
9 85
45 -64
36 -66
-68 32
-69 32
-86 11
-20 49
-34 -54
-34 -26
62 9
5 82
47 -62
-85 14
-87 11
-73 -25
-37 60
17 69
-84 -1
-84 2
11 75
-27 -68
-54 37
66 14
62 -1
-41 62
30 -68
-72 -26
5 -66
29 -75
68 4
-41 42
-55 37
64 1
-36 60
9 86
-41 63
-72 22
61 -1
9 87
43 -65
-75 -15
-73 -26
29 -76
-34 -53
-5 55
11 83
8 86
-57 -31
-27 -69
8 87
-83 -3
19 64
30 -76
11 84
-81 14
60 -1
31 -68
47 -4
-38 63
62 6
67 14
5 -67
-87 12
59 -1
69 4
-64 33
3 77
69 5
20 63
-28 -68
-23 -70
-34 -55
32 -68
65 0
9 88
28 -76
-41 64
63 6
-71 20
-73 -21
-69 33
70 4
11 71
-41 58
34 -39
-72 20
66 15
-42 64
7 87
7 88
6 88
-85 15
27 -76
66 0
67 13
-74 -25
-88 12
69 6
25 -72
64 -1
-82 -3
-72 19
-4 -62
-86 15
-75 -14
51 -4
-45 38
6 80
22 56
48 -62
-27 -70
48 -63
39 -14
21 51
68 14
52 -4
-29 -33
-67 27
-43 64
7 89
