0 1
0 -1
1 1
-1 0
2 1
2 2
0 -2
0 -3
3 1
-1 -3
1 -2
1 -1
2 0
-1 -2
3 0
2 -2
-1 -4
-2 -2
-2 0
-2 -4
0 2
2 -3
-3 -4
3 2
2 3
3 -2
-2 1
-3 0
-3 -2
2 -4
4 -2
1 2
5 -2
2 4
1 3
3 -4
-4 -2
-2 -3
-2 -5
-5 -2
4 -4
1 4
5 -3
-5 -1
4 2
0 4
0 -4
0 3
1 -4
-5 -3
-1 3
1 -5
-1 -5
-6 -1
3 -5
3 4
-1 2
2 5
4 -5
-6 -3
-7 -1
5 -4
-5 -4
-8 -1
4 3
1 5
5 -5
4 -6
5 3
-9 -1
-9 -2
3 -6
-5 0
-2 3
-7 -3
-10 -2
-3 3
-2 -6
-8 -3
2 -6
4 1
-7 0
4 -7
-7 -4
-3 1
-8 -4
-7 -5
3 -1
4 -8
-3 -3
-7 -6
0 5
-8 -6
0 6
6 -2
2 -7
-7 -7
-5 1
5 2
6 -5
-9 -6
5 -1
-3 4
0 7
-9 -5
6 -6
-9 -7
-7 -8
-9 -3
7 -6
-10 -3
-6 -8
2 6
-11 -2
1 7
-4 4
-3 -6
-7 1
-9 -4
-10 -6
6 -7
3 -7
-1 5
6 -8
1 -7
5 0
8 -6
-3 5
-3 -7
-3 2
7 -8
-9 -8
-2 5
-5 -5
7 -5
-6 -9
-2 6
6 0
4 -9
5 -8
3 -9
-10 -7
-5 -6
-10 -8
-4 5
3 6
-7 2
4 -10
-10 -1
-4 6
7 -2
-7 3
-5 -9
-7 4
-6 -10
7 0
-10 -9
6 2
-10 -10
1 8
2 8
-5 -10
2 9
-10 -11
-11 -1
-6 0
-3 -8
-7 -10
5 4
-9 -9
5 -10
-5 5
-10 0
7 -3
5 -11
-11 -10
-11 0
-11 -9
-12 0
-1 7
8 -2
3 9
-11 -6
-7 5
-12 1
7 2
-11 -8
6 -11
8 -8
-10 -12
9 -6
-12 -2
8 -9
-13 1
8 -3
-9 -12
-3 -9
8 -1
-10 -5
7 3
-8 5
5 -9
-2 7
6 -10
3 10
-12 -3
5 5
7 4
-5 4
-14 1
-8 6
-1 8
-13 -2
8 4
-11 -12
8 5
-15 1
8 -10
-13 2
3 7
-1 9
9 -3
9 -8
9 5
-5 6
-6 6
9 4
-2 9
1 9
9 -10
5 6
-10 -13
9 -5
-14 -2
-14 -1
-11 -3
-14 2
8 2
-7 -11
-11 1
3 11
-2 -9
9 -2
-12 -9
6 -12
8 -7
9 -11
4 -11
-13 0
-3 9
9 -12
-10 1
3 -10
-4 -7
-16 1
-15 0
-9 5
9 -13
-8 7
4 7
-9 -13
-14 3
-12 2
-4 -8
-17 1
-12 -12
-8 -13
3 -11
-13 -9
2 -9
-7 7
10 -12
-13 -3
-15 -1
-15 -2
-16 -1
-16 2
4 11
-13 -12
-15 -3
-8 -14
-1 10
1 10
9 6
8 -11
-14 -9
9 -14
10 -11
10 -6
10 -2
-11 -13
-8 -12
-7 -14
-10 -14
4 8
-12 -13
-16 0
-13 -8
9 2
-7 -12
5 7
-6 7
-6 8
2 11
-14 -10
9 -9
5 8
11 -12
11 -13
-14 -12
-3 10
-15 -4
-16 -2
1 11
-10 5
-13 -7
-15 2
4 10
-3 -10
7 -11
-6 -11
8 0
-15 -10
6 8
-2 -10
-14 -7
12 -13
0 -7
-1 -10
-14 4
-15 3
11 -6
-8 0
11 -2
-6 -14
-11 -5
-2 10
5 9
12 -14
-17 -2
0 -8
-1 -11
-2 8
-16 -10
-18 1
13 -13
-18 -2
-17 0
10 6
10 -7
-17 2
-9 1
1 12
5 -12
10 -8
10 -5
14 -13
13 -12
-4 10
-15 -9
-13 -13
6 -4
-12 -14
-10 -15
9 -1
10 -14
-2 11
-17 -10
-14 5
-16 3
12 -15
7 8
-12 -15
-19 1
-15 -12
9 -4
-9 -15
-16 -4
-5 10
-17 -9
-5 11
8 8
-3 11
11 -11
-7 -15
4 12
-17 -4
-1 -12
2 12
-7 -16
-14 6
-18 -10
-16 4
-18 2
2 13
0 12
-19 0
-13 -4
0 -12
-2 12
-7 -17
5 -13
-20 0
-18 3
10 -9
-21 0
10 2
-17 3
-19 2
-17 -8
-21 -1
-18 -1
-19 -10
12 -16
2 -11
-19 -2
-12 -11
-19 -11
-1 -13
-16 5
14 -14
15 -14
15 -15
15 -16
-10 6
-19 -12
-20 -10
16 -14
11 -1
-8 8
17 -14
18 -14
-16 -11
-2 13
-12 -16
10 3
12 -17
12 -1
-3 13
-6 -16
-4 13
-9 7
-16 6
13 -16
3 13
10 -4
7 7
-3 14
-7 -18
-8 -18
-5 13
-16 -3
15 -17
-12 -17
-5 9
11 -15
-20 -11
16 -17
-12 -5
-8 -19
17 -17
-17 6
-5 -16
-9 8
-11 5
-5 -14
-12 3
-21 -11
11 -8
-7 -19
11 -4
11 6
-17 7
-21 -12
-13 -15
-5 -13
12 -8
8 -14
12 -18
-20 -9
-10 8
-17 8
13 -8
-22 -11
-5 14
-21 1
-18 7
13 -18
-5 15
2 14
-22 1
9 -15
9 7
-4 -16
11 2
3 14
-18 -3
16 -16
-18 8
14 -16
-10 9
-3 15
-20 2
-19 8
-17 -5
-22 -10
12 2
11 -3
-21 -13
17 -13
-21 -14
3 15
-12 5
-20 8
17 -15
17 -12
16 -18
-9 -18
8 -15
-6 15
16 -19
5 12
-10 -18
-23 -10
13 -7
-14 -15
-17 9
-20 -13
-21 -9
0 13
-23 1
-1 -14
-18 -5
19 -14
-7 -20
-6 16
16 -20
2 15
-19 -5
6 -13
-8 9
-23 -9
-6 11
-24 -10
-4 -15
17 -20
-3 16
-14 -14
-24 -9
-7 16
-2 15
-3 17
20 -14
-24 -8
2 16
2 17
11 5
-20 7
-22 -13
-17 10
11 -7
-16 8
15 -19
-3 -11
-18 -12
6 -14
-12 -18
-25 -8
-23 -13
-18 6
20 -15
3 16
16 -21
-21 -8
-11 -17
8 -16
14 -19
-23 2
-6 17
18 -20
12 -3
18 -12
3 17
19 -13
11 7
21 -14
-24 2
20 -13
-19 7
18 -19
5 13
-17 11
8 9
-6 -18
6 13
-17 12
-21 -15
-24 -13
0 -14
-25 -10
17 -11
-17 -12
12 5
-26 -8
-26 -7
-27 -7
-18 9
17 -16
-24 -11
-2 17
18 -17
-6 -20
-24 1
13 5
-20 6
-14 -16
17 -18
-28 -7
-25 -13
19 -15
-18 11
-22 0
5 14
-6 13
-20 9
13 4
20 -16
-5 -20
14 -8
-28 -6
19 -19
4 15
-28 -8
15 -20
14 -9
1 15
20 -17
1 17
-13 -17
11 -18
-21 6
-19 11
20 -18
-25 1
-22 6
17 -21
-29 -8
19 -20
6 14
16 -11
-30 -8
11 -17
16 -10
8 10
-4 17
21 -18
-10 -19
9 0
-24 -14
21 -13
2 18
19 -21
6 -15
-23 6
22 -14
19 -22
1 -12
22 -18
-6 -21
5 -15
-29 -9
-21 -16
22 -17
-7 13
-26 -13
-13 -18
4 16
23 -18
-21 8
18 -22
14 -20
13 -1
-10 10
-29 -7
-8 16
-25 -7
16 -22
-23 7
-24 0
-31 -8
-13 -19
-22 7
-26 -14
-31 -7
-25 -11
4 -15
-18 -13
-8 -20
-24 6
11 -16
8 -12
10 0
4 17
20 -21
-16 9
-32 -7
-10 11
-3 18
17 -10
18 -10
12 -7
-3 -15
23 -19
-23 8
-24 -1
-16 11
-24 -15
-6 -22
-25 6
9 -16
13 -20
7 14
22 -19
-23 -15
-22 -16
-24 -2
21 -16
-17 13
-6 -23
24 -18
-26 -11
-9 -20
-30 -9
19 -10
-31 -6
-3 19
-25 7
-17 14
14 5
-9 -21
13 -21
-20 11
21 -12
-21 11
-5 -23
-5 -24
-32 -6
-29 -10
18 -23
-21 -17
10 -17
11 -19
12 -6
-26 6
10 -19
21 -11
2 19
-24 7
-22 -17
4 18
14 6
-25 0
14 -1
22 -15
-9 -22
-25 2
1 -13
-27 -6
25 -18
1 19
6 15
-7 15
-28 -10
22 -11
-9 16
-33 -7
-32 -8
11 8
-23 5
22 -10
-23 4
-25 8
-10 12
25 -19
19 -23
12 8
25 -20
-14 -18
12 -5
17 -23
-19 12
0 17
20 -22
-9 15
12 -19
12 9
-31 -9
-25 3
-14 -19
-4 -23
-21 12
11 4
-25 -15
9 9
-17 15
-25 9
23 -14
5 17
-5 -22
14 7
6 12
-26 3
-24 -16
-4 -24
7 12
-29 -6
20 -19
13 -22
6 11
-26 1
-26 8
23 -11
13 8
23 -15
17 -24
7 1
-6 -24
24 -20
-6 -25
0 19
19 -24
-21 13
4 19
-26 4
23 -10
-26 9
-7 17
-24 -17
13 9
-20 -17
-33 -8
24 -11
24 -10
3 18
-13 -20
15 -8
-26 -15
14 -22
12 10
-15 11
14 8
15 8
-25 -16
-3 -24
-13 -21
14 9
-15 9
-8 -22
11 10
16 -9
25 -11
-7 11
14 -2
25 -10
-6 18
16 8
26 -11
5 -16
16 9
-5 -25
6 17
-1 -15
-6 19
-27 -14
6 18
-7 -25
-30 -10
-17 16
-14 -21
-14 -22
26 -12
-5 -26
-22 -18
6 16
13 0
25 -21
-13 -22
-5 -27
-27 8
25 -22
-9 -23
25 -9
9 10
-29 -11
0 15
-11 -19
4 20
5 19
-33 -9
-12 -21
-4 -25
15 9
-2 -24
24 -9
4 21
24 -8
-27 7
-2 19
12 11
-22 13
3 20
-21 14
-27 -8
24 -17
-24 9
9 -19
14 10
-20 -14
0 20
14 -7
-4 -22
-9 17
-6 -26
-17 17
-6 20
-9 18
-15 -18
26 -18
-22 14
27 -18
-20 13
26 -10
-23 13
-15 -21
-10 18
-34 -9
13 -23
-26 -16
-28 -14
-5 -28
-20 -18
13 -24
24 -22
27 -12
-2 -25
27 -11
-1 -24
6 19
0 10
27 -17
-23 14
-34 -8
19 -25
-7 18
7 19
-27 -5
-6 -28
-26 -17
15 -1
13 3
-9 -24
-2 -14
-28 8
26 -17
27 -10
-24 14
26 -21
-21 15
13 -5
23 -16
26 -22
17 9
-27 -17
-16 -18
18 9
-29 8
3 21
-35 -9
-26 10
-24 -18
25 -8
-20 14
-19 -17
18 10
-7 -28
-7 19
6 20
17 -9
-21 16
16 10
-16 -19
12 -23
-7 -24
-27 -18
-29 -5
13 10
27 -9
9 -20
-11 -21
-6 -29
-4 -27
-1 19
-14 -23
-28 -18
23 -13
-22 16
-27 3
2 21
25 -7
15 7
13 1
-4 -26
27 -19
-14 -24
-6 21
4 22
15 0
-7 -29
-31 -5
7 17
26 -19
2 22
-19 -18
-26 5
4 23
-16 17
-22 17
-7 -30
-17 18
-28 -19
-24 -19
-7 -26
-27 -13
-23 16
25 -23
-31 -10
21 -22
-36 -9
26 -23
-28 -17
14 -24
28 -10
19 9
-31 -4
25 -6
-27 10
-28 9
17 10
-30 8
-24 15
7 -16
19 10
2 20
27 -13
24 -23
19 8
-3 20
-7 -27
-30 -4
-26 11
28 -13
19 -26
5 23
1 22
14 1
-33 -10
26 -8
19 11
-30 -11
-17 19
26 -24
20 11
-29 7
6 23
-8 -30
-34 -7
15 -24
27 -16
14 -25
-16 14
20 8
19 -9
27 -24
25 -24
-35 -10
27 -25
-4 -28
-9 19
20 12
-16 12
3 23
-8 -26
-8 -31
-33 -11
-15 -15
-13 -23
-27 1
8 19
-25 10
-9 -26
1 23
13 -25
-11 8
24 -15
18 -25
5 24
9 19
-24 -20
-9 -31
14 -26
21 -23
-31 -3
-6 -30
2 23
21 -24
-34 -6
-1 -16
9 20
17 -25
-8 -32
20 -9
-18 17
-8 -33
29 -13
8 -19
-5 -29
28 -19
28 -17
-23 17
14 -6
-11 18
-24 16
-7 -33
-18 15
-31 8
-18 18
-8 -29
-35 -6
9 18
5 -17
29 -17
-36 -10
-12 -23
26 -13
-26 12
-31 7
-7 -31
-25 -18
-31 6
-32 -3
5 21
-22 18
6 22
15 -21
14 3
-29 -18
-15 -24
-7 20
-27 11
-27 12
2 24
-9 -30
-35 -11
-25 15
-3 -27
20 7
-22 19
23 -23
-6 -31
-4 -29
-17 20
17 -26
-36 -6
-5 -31
-27 5
-37 -10
-11 19
1 24
10 19
-29 9
27 -26
-15 -20
-26 15
-5 20
-36 -11
-24 17
-29 -4
-36 -8
14 11
-3 -29
-6 -33
27 -21
28 -26
-18 20
-27 13
-36 -5
-6 22
21 11
3 24
-19 20
-29 -14
29 -18
-36 -4
-28 3
-29 -13
15 6
27 -23
6 24
-32 -2
7 23
0 23
8 12
-23 18
19 -27
-4 -17
-10 -30
-35 -12
21 8
16 11
-28 10
21 10
21 7
-27 -15
-35 -13
6 25
30 -18
-24 -21
28 -27
-27 0
-4 -31
-30 9
3 25
-31 5
-26 13
-36 -7
-37 -6
5 25
-7 -34
28 -28
22 11
-32 -11
-5 -32
-10 -31
-29 -3
-8 18
-24 -22
-31 9
16 -26
-9 -33
-6 23
-21 18
-33 -3
21 -25
12 -20
-18 19
-28 -16
29 -14
8 23
-36 -3
27 -15
4 25
7 24
15 5
21 6
11 19
-36 -13
8 24
-32 8
-36 -14
-4 -30
-27 -19
30 -17
-37 -5
19 -28
28 -20
5 -18
29 -27
26 -6
-30 6
-35 -4
-11 -30
14 -27
28 -29
-37 -9
-37 -14
-8 -24
1 25
-38 -6
-33 8
-37 -11
-15 -23
21 -26
27 -29
8 -18
-10 -32
29 -26
-16 -24
29 -25
15 -26
-37 -7
11 18
-16 16
21 12
-33 7
-34 -10
-5 -33
-4 -32
0 25
-32 6
30 -26
18 -27
-7 23
-18 21
-33 9
-36 -15
-6 -34
26 -5
-12 -30
-29 -2
16 -1
7 25
7 26
-16 -25
8 26
8 22
-32 -12
11 17
15 10
-34 -3
22 8
-27 15
12 19
26 -29
6 26
-29 -1
15 -27
-29 -16
-17 -25
7 18
-34 8
-13 -24
-16 10
27 -5
9 26
19 -29
11 16
-9 20
-24 -23
-34 -2
-34 7
18 -29
26 -28
25 -28
-20 20
-37 -12
29 -16
-10 -33
-26 -19
1 26
8 27
13 19
-12 19
-31 10
27 -27
30 -19
-30 -18
29 -24
-7 -35
-3 -31
30 -16
-11 -33
29 -28
-38 -7
-32 -1
11 20
-6 24
4 26
-30 -16
18 8
-23 -21
9 24
-35 -14
-16 -20
-16 19
-34 -13
29 -12
29 -23
-30 10
-34 9
28 -30
-19 -19
29 -19
-16 20
29 -30
30 -25
-8 -35
20 9
6 27
29 -10
14 12
-33 6
13 -26
-38 -9
8 28
0 26
20 -27
-9 21
30 -30
-26 14
12 -22
-10 -34
6 -18
12 -24
-38 -12
-39 -6
-35 9
-27 -20
13 18
31 -26
28 -5
31 -27
29 -31
-15 20
-12 -29
-38 -11
-37 -4
29 -32
-27 16
-39 -12
10 26
16 -27
29 -5
14 18
-27 17
10 25
-21 20
-31 11
30 -5
-40 -6
7 28
-5 -34
18 -30
31 -19
-8 20
-2 -27
-30 -19
-17 21
30 -32
20 -29
23 11
-7 24
30 -12
-1 25
-10 20
12 17
-20 21
30 -33
-39 -11
9 -21
-10 -35
-40 -7
-39 -10
-12 20
-24 -24
-11 -35
31 -32
-8 24
17 -30
31 -5
-39 -7
4 27
-8 -36
-35 10
-31 -18
-10 15
-41 -7
23 8
11 25
23 12
-33 5
-24 -7
-30 -20
-41 -8
15 18
-38 -14
-26 16
31 -17
7 29
-33 -1
28 -32
29 -22
30 -29
-31 4
-26 17
-39 -13
31 -30
-39 -14
6 29
-42 -8
-40 -10
0 21
8 14
2 26
30 -28
7 -19
-32 -18
31 -31
13 17
-34 6
31 -25
32 -5
17 -31
32 -27
-12 -35
11 26
-23 -23
-27 18
32 -19
32 -30
32 -4
22 -20
15 17
-23 -24
-32 10
-41 -9
-13 -35
23 10
-29 -20
32 -18
32 -20
-11 -32
28 -33
31 -12
31 -33
32 -33
-11 -36
-5 -35
4 28
-35 11
32 -3
33 -4
14 2
-22 -24
-32 11
-25 -22
28 -34
-40 -13
30 -24
21 13
22 13
-5 -36
-32 -19
-35 -2
-25 17
32 -26
-2 -31
-34 -1
-28 5
32 -32
11 27
32 -2
11 28
33 -32
-29 -15
16 18
16 -28
23 13
-18 -25
15 12
-25 -19
32 -25
-33 10
-15 -25
-6 25
13 20
-26 -22
-35 12
17 -28
27 -32
30 -15
30 -34
-42 -9
31 -20
-31 -12
-35 -1
32 -1
-31 -19
-39 -5
-41 -13
28 -35
-7 25
33 -27
-35 0
-10 -23
27 -34
32 -31
-12 -32
31 -29
-42 -10
-41 -14
32 -34
-42 -14
5 29
-24 -25
-30 -21
29 -35
33 -20
16 -29
25 -25
33 -25
-43 -9
20 -30
15 16
0 22
-8 -37
31 -21
-37 -3
19 -30
6 30
-37 -2
-10 -29
9 28
3 -15
-6 26
28 -36
4 29
32 -35
-6 27
20 -31
-27 19
3 28
-2 -32
26 -32
-43 -10
-5 27
-35 13
-39 -4
-42 -11
33 -34
-11 -37
32 -24
-33 0
-44 -9
26 -31
28 -37
-32 -17
19 -31
-28 12
-4 -35
27 -35
17 18
-7 27
25 -27
-34 13
-28 19
-38 -15
11 29
-13 19
28 -38
32 -12
-3 -35
30 -22
-7 26
33 -30
32 -11
-22 -25
-5 26
34 -32
-31 -20
34 -34
-32 12
-36 12
-33 -18
-3 -36
31 -2
7 30
-29 19
34 -30
-41 -15
19 -32
33 -29
24 12
-35 6
30 -35
-1 -32
-4 -21
30 -2
35 -32
34 -35
35 -34
36 -32
33 -24
-25 -21
24 11
24 8
12 12
-44 -10
-13 -36
-37 12
-41 -16
36 -34
-45 -10
-38 12
-4 27
12 26
-35 14
19 -33
29 -38
-4 28
34 -36
-4 -34
-36 -1
20 -32
-43 -11
35 -31
33 -5
-12 -37
5 30
-36 9
22 6
-36 -16
-8 -38
-46 -10
24 9
-3 28
20 -33
25 11
7 31
37 -32
21 -33
35 -35
12 29
-17 -26
8 31
30 -13
34 -24
-47 -10
4 30
4 31
-8 -39
4 32
29 -39
-39 -15
21 14
36 -33
33 -6
34 -27
-34 -18
30 -38
-18 22
-37 -15
-3 -37
-13 -32
-41 -17
-35 15
32 0
33 -12
-27 20
-41 -12
-2 28
37 -34
-18 -24
37 -33
33 -1
28 -4
-42 -16
33 -13
10 27
-43 -14
-14 -32
-40 -16
-9 -39
32 -6
-1 28
-47 -11
-36 0
-12 -38
-6 28
-35 1
32 -17
-17 -27
-18 -26
-14 20
-38 -5
1 27
-39 -16
34 -12
-16 21
-47 -12
-41 -6
-47 -9
-19 -26
-7 28
1 28
-14 -36
-24 -26
12 30
-2 29
-36 15
-33 13
29 -40
22 -33
-13 -29
-44 -8
-22 -26
34 -13
-46 -9
12 -25
-48 -10
-15 21
-13 -38
-42 -17
23 14
-4 29
10 29
-27 21
-37 11
-46 -12
-10 -39
-14 -35
-34 0
-22 -27
-48 -12
12 27
-8 21
16 12
36 -35
35 -36
-42 -13
30 -6
-36 6
5 32
29 -41
-5 29
30 -41
-28 17
33 -36
-36 16
31 -35
-44 -14
-36 8
-37 16
-38 -2
-6 29
-27 22
-13 -39
-36 17
25 9
34 -23
-16 22
-20 22
-8 28
-29 12
-4 30
-38 16
30 -37
-34 -19
31 -13
3 29
-29 17
-42 -6
-42 -5
23 15
4 33
-25 -26
-42 -18
20 -34
-33 4
24 7
-43 -13
-25 -23
-1 24
-48 -9
30 -42
-37 -1
-42 -15
-9 28
-3 -32
19 -34
12 31
-43 -6
-43 -7
-13 -40
33 -21
30 -36
-9 -35
34 -1
23 6
9 31
35 -27
-37 10
-37 6
-9 22
20 13
-40 -5
-44 -15
35 -37
12 28
-49 -10
9 32
32 -16
34 -37
33 -14
32 -23
-25 18
-6 30
31 -15
26 -35
-37 7
35 -13
31 -42
-14 -37
-41 -18
-15 -36
37 -31
-8 -40
-25 -27
-12 -40
-38 -3
-2 30
-11 -39
-14 21
26 11
35 -26
12 32
-45 -8
-25 -28
38 -33
-1 -33
5 33
36 -37
-47 -13
-14 -31
-49 -12
33 -2
34 -20
-14 -39
-4 -37
-20 -26
-42 -19
31 -36
-8 -41
13 32
34 -5
39 -33
28 -39
25 8
-9 -40
31 -43
36 -36
16 13
-8 29
-26 -27
40 -33
-26 19
-34 -20
-37 17
-7 30
-37 -16
41 -33
27 -39
33 -16
-35 -18
-35 -16
42 -33
-22 20
-39 -17
-45 -14
-47 -14
13 30
-14 -30
-3 30
38 -31
34 -2
-30 -3
14 30
-12 -41
-20 23
4 34
32 -43
-39 12
-6 31
-23 19
14 20
-44 -16
-50 -10
-1 -25
13 21
-26 -28
-25 -29
38 -30
-45 -16
42 -32
24 15
34 -6
-18 -27
-45 -13
34 -19
-34 15
43 -33
-40 -4
-7 -41
-7 31
-27 14
26 10
-38 -17
6 31
19 -35
-50 -9
-30 19
-43 -19
24 16
-26 22
-39 -3
-36 13
-27 -27
25 7
-43 -18
-10 28
29 -42
-13 -41
-13 -42
-36 5
34 -16
-51 -9
-25 22
-50 -12
21 5
-43 -20
18 -32
34 -11
34 -3
32 -44
32 1
35 -16
-28 22
32 -42
-8 26
30 -43
-46 -16
-9 -41
-2 -36
34 -22
18 -35
34 -10
-21 21
11 -24
-50 -8
13 28
35 -14
31 1
16 -30
-38 11
26 7
13 33
-44 -20
13 27
37 -36
22 -25
-45 -17
-8 -42
33 -44
-45 -20
39 -31
-36 14
-6 32
3 33
34 0
-35 17
-25 23
-2 -30
18 -34
36 -14
36 -16
17 19
-26 23
13 34
30 -44
-44 -21
38 -36
-10 -41
-25 24
-40 12
35 -6
-39 16
-28 23
-2 31
37 -16
14 21
-34 1
35 -7
43 -32
26 8
15 -2
-32 -20
24 14
-28 -27
27 -36
-14 -42
35 -1
-1 -36
-15 -39
-26 24
22 -34
-10 22
-37 5
14 33
-38 5
-7 32
-29 23
27 -40
34 -38
26 12
-48 -11
-14 -43
-11 -41
-19 -27
-29 24
36 -7
7 32
33 -42
-28 -28
27 10
36 -15
15 33
15 32
-21 23
-22 -28
35 -22
35 -20
41 -32
43 -31
-34 -21
-40 16
3 32
-6 -41
-5 30
31 -37
31 -1
8 29
16 33
20 14
34 -44
37 -15
-1 -35
-5 31
-41 16
-2 32
25 14
32 -45
-20 24
-14 -40
15 -30
43 -34
-50 -7
-22 21
-46 -17
-19 23
32 -46
-51 -8
7 33
2 29
-29 -27
44 -31
-2 -35
12 34
-7 -39
-34 17
17 33
2 32
38 -37
14 29
19 13
32 -47
12 35
35 0
27 -41
-27 -26
15 30
-35 18
-30 18
2 33
-31 18
-5 32
44 -32
15 34
-52 -9
-35 -19
16 30
24 17
35 -24
-8 -43
31 -44
-41 15
-35 -21
39 -36
36 0
33 -47
-7 -43
10 -21
12 -26
-30 24
21 15
18 33
15 35
34 1
36 -1
-31 -21
-8 31
-24 23
34 -47
26 13
-41 17
-10 29
16 35
-49 -8
33 -41
11 21
31 2
18 19
35 -47
-9 -43
-51 -7
-52 -7
-9 27
-7 33
15 -7
34 -45
-49 -11
35 -38
-8 -44
4 35
-11 29
0 -35
-40 17
-39 15
27 7
-8 33
38 -15
-3 31
14 -28
-39 11
-23 23
-8 -45
-15 -43
-35 -20
-35 -22
11 35
-8 32
11 36
29 -44
26 -39
-51 -6
1 -35
-10 23
-42 -4
-42 -20
-16 -43
-39 17
-36 -18
-10 -42
18 34
21 16
-50 -11
-53 -9
-51 -12
-1 31
-15 -44
-37 4
-45 -19
-42 17
-8 -46
-15 -35
27 -38
-37 18
17 32
-30 23
44 -30
-21 -28
-9 -45
-50 -13
-33 -20
37 0
-48 -8
23 -33
-19 24
-30 22
-10 30
-25 -25
35 -48
-40 18
33 -45
-25 -30
-53 -7
-29 25
-44 -22
40 -34
-53 -10
38 -14
35 -11
-14 -41
29 -43
-12 -33
35 -44
28 -43
-42 18
-16 -35
37 -17
17 -35
-54 -7
-54 -8
-40 11
28 7
-49 -7
33 -28
-36 -22
35 -49
-2 -37
-18 24
-54 -10
33 -48
-51 -13
-6 -42
25 -39
-35 19
36 -22
-47 -17
-51 -5
34 -49
34 -50
39 -14
-1 32
-38 13
-16 -39
36 1
37 1
-19 25
-41 11
-15 -31
-44 -23
40 -35
40 -14
-51 -14
-28 24
14 22
17 30
-50 -5
34 -51
1 33
8 33
14 34
27 -42
-55 -8
42 -34
3 35
39 -13
37 2
-27 -21
-13 -34
16 36
-38 17
-45 -23
-31 19
-8 -47
38 0
19 34
-39 18
-31 -22
-7 34
36 -2
-27 -28
38 1
18 20
-17 24
34 -39
36 2
15 36
33 -40
14 23
-40 13
-5 -42
-48 -14
-56 -8
-12 -42
45 -30
17 36
29 -45
-47 -18
-54 -11
-29 -21
-31 20
40 -36
46 -30
-23 -26
17 37
31 -47
33 -49
18 32
4 36
-57 -8
-55 -11
36 -49
-52 -12
41 -35
38 2
-54 -6
-4 -42
-10 -43
39 -12
33 -50
12 36
39 1
0 -36
39 2
40 2
31 -46
-24 -30
18 37
-50 -14
25 -40
-3 -42
-6 33
-7 -47
-42 15
-31 24
38 -1
-44 -24
-57 -7
46 -31
-26 25
-9 -47
-16 -42
-17 -39
37 -14
18 38
-9 33
40 1
19 -36
5 36
-53 -12
45 -31
-11 -42
34 -41
-32 24
15 21
-36 -20
-10 -45
39 -11
32 -48
-58 -7
35 -43
-2 33
-6 -39
-54 -5
-7 -44
45 -32
-29 26
-43 -16
25 17
39 -1
28 -44
-39 5
18 36
5 37
-42 11
34 -46
-33 24
19 38
-9 31
19 33
29 -46
-39 -2
46 -29
19 35
-30 25
-51 -15
33 -51
16 37
35 -51
13 36
-9 34
35 2
37 -22
-2 34
13 -28
20 38
-2 35
-33 23
32 -51
-56 -9
19 37
-18 -39
-46 -20
47 -31
-57 -6
40 -11
-47 -20
-50 -4
36 -48
-3 -43
-6 -47
-27 25
-9 35
-11 -45
35 -45
48 -31
36 -43
4 37
36 3
-8 35
27 13
13 37
41 2
36 4
37 -48
-54 -9
38 -29
-47 -19
37 -43
17 -36
-6 -44
-52 -5
12 37
-42 19
-32 18
-37 8
10 32
-8 -48
15 19
26 17
38 -17
20 35
42 -35
1 32
7 34
-4 -43
13 38
-34 24
-32 20
36 5
34 -52
37 -42
-59 -7
-1 35
-56 -10
29 -47
-43 -22
36 -6
49 -31
16 38
20 33
-45 -22
-2 -42
18 39
45 -33
-23 -30
35 -50
27 17
-3 -44
-33 25
28 17
46 -33
36 -45
46 -34
-29 27
0 -37
47 -32
48 -30
36 -50
-10 -44
36 -21
-7 35
-16 23
27 12
19 39
35 -52
-10 31
-54 -4
-17 -43
-59 -6
-19 26
-15 -45
27 16
-16 -40
40 -1
12 -27
38 -18
-48 -18
-12 -45
-3 -45
-10 32
-43 -4
38 -43
-42 20
-35 24
-57 -9
-42 -21
-56 -7
-1 -42
26 -41
26 6
-43 19
-59 -8
-2 -43
8 34
40 -2
-34 -22
-48 -20
41 -11
-2 36
49 -32
50 -31
19 20
20 16
36 -46
36 -52
41 3
-60 -7
39 -17
-30 26
38 -44
40 -3
-17 -44
-33 26
-46 -15
46 -28
-17 -42
-44 -25
9 34
42 3
-54 -12
-34 25
19 32
28 18
-49 -20
-30 -27
37 -44
37 4
37 -47
-44 -26
19 -37
-14 -33
-31 25
-48 -21
-17 -45
26 14
-26 26
36 -51
-2 -45
-2 37
-48 -22
19 40
-8 -49
-23 -31
41 4
24 -39
-9 36
-43 17
-7 -49
-61 -7
-44 19
-61 -6
28 13
-43 11
-49 -5
5 38
14 38
20 39
-29 28
-44 18
17 -37
36 -53
-40 5
-25 26
38 -38
38 -16
49 -30
-8 36
37 -49
38 -49
21 33
-45 19
11 37
-15 -34
14 39
-55 -4
32 -52
19 31
42 4
-33 27
41 -2
28 -47
48 -29
22 33
8 35
50 -32
40 -37
28 19
-52 -4
10 36
-34 -23
-3 37
-44 -27
22 32
42 -2
40 -15
38 -50
31 -52
-40 10
-16 24
43 -2
-5 -47
-45 -26
21 38
47 -29
24 -40
22 34
51 -32
51 -31
6 38
33 -52
50 -33
38 4
-33 22
-20 26
46 -35
-10 36
-49 -21
50 -34
-23 -32
34 -53
36 -54
-44 -28
4 38
40 0
-10 37
-49 -18
-41 5
-12 29
50 -30
-62 -6
-30 -28
-58 -9
-9 -49
50 -29
21 35
52 -31
-23 -33
-22 23
42 -1
37 -52
-56 -11
22 31
-34 23
35 -54
22 -35
-3 36
16 29
51 -33
-41 -19
43 3
-42 21
-45 18
39 -49
-12 28
40 -49
41 1
22 30
-60 -8
-27 26
-9 -48
-42 12
-24 -33
46 -36
0 35
-5 -44
35 -55
35 3
29 17
-8 -50
-6 35
-57 -11
30 -47
15 -29
-62 -5
-38 -18
-10 38
36 -55
3 36
-39 -1
-10 -49
-17 -41
43 -3
47 -36
-4 36
41 -49
6 37
-15 -46
-32 26
-1 -45
37 -55
-46 19
-18 -44
-1 37
-11 31
37 -56
-9 37
-62 -7
-18 -41
27 8
31 -51
46 -37
43 -4
38 -56
44 -4
6 36
-63 -5
39 -50
0 -45
-24 -32
34 -54
34 3
-48 -15
-59 -5
-37 -22
-35 25
38 -55
-34 27
-46 20
29 -48
-11 37
1 -45
-12 -46
-53 -4
-41 19
-22 -29
-60 -6
49 -34
-1 -46
-11 38
-19 -44
21 36
38 -54
-63 -4
-17 -35
43 4
-44 -29
-57 -12
37 -57
41 -10
-49 -19
-58 -11
-50 -18
-43 20
23 30
47 -35
-39 10
-34 26
23 -40
44 4
-15 -47
37 -6
-10 -46
-60 -5
-50 -19
41 -48
48 -36
-33 18
4 39
-33 28
-63 -7
-64 -4
44 -3
34 -55
-46 -22
-16 -46
51 -29
-17 -38
45 -3
26 18
-49 -22
-49 -17
27 14
30 17
-18 -45
9 36
-64 -7
38 -45
-17 -34
6 33
-18 -46
38 -46
0 -38
38 -57
43 -5
24 18
38 -52
41 0
22 38
38 -42
28 16
18 31
32 -53
39 4
30 18
-64 -8
-15 22
29 7
52 -32
44 -2
-40 -3
39 -56
48 -35
-65 -8
-31 -27
22 37
-50 -22
-45 -29
5 39
-32 28
42 -49
36 -56
-49 -23
-53 -3
40 -17
-44 11
-65 -7
48 -28
-18 -47
37 -58
34 -56
52 -29
17 -38
43 -49
23 38
-61 -8
-20 -44
-41 6
-61 -9
41 -12
-6 -49
4 40
2 36
-31 26
-51 -16
34 -57
33 -56
30 2
-38 7
-59 -11
32 -56
41 5
-19 -46
29 8
-15 -33
32 -57
44 5
46 -3
-53 -2
22 39
34 -58
33 -58
-7 -50
-18 -42
-3 -46
30 16
-12 30
-45 -28
4 41
49 -35
33 -54
41 6
5 35
-17 -46
-31 28
-1 -47
-18 -48
7 38
0 37
52 -33
-66 -7
-12 27
29 19
-12 -28
-44 -30
-49 -24
-43 -29
39 -54
37 -59
-43 -25
15 37
39 -52
-62 -8
-21 26
42 -11
-11 -49
50 -35
-51 -22
51 -35
