-1 0
0 -1
-1 1
0 -2
-1 -2
-1 -3
-1 2
1 -1
-2 0
-1 3
-2 -3
-2 3
0 3
-2 4
-1 4
1 3
-2 -4
-2 2
-2 -1
-3 -1
-2 -5
-3 -5
-3 2
-3 -4
-3 -3
-1 -4
1 0
1 1
-2 -2
2 3
2 1
0 2
-1 5
-3 -2
1 4
0 5
-3 0
-1 6
-3 -6
0 6
0 -3
-1 -5
-3 4
-1 -6
1 -3
3 3
0 -6
-3 1
-1 7
2 -1
3 2
2 4
-2 6
4 2
-1 8
-3 -7
3 4
1 -6
-2 8
-2 5
3 -1
1 -7
2 -6
-4 -4
-4 2
0 -7
1 -4
-4 -2
1 -5
-3 8
-3 9
-5 -2
-5 -3
-3 6
2 5
-6 -2
2 -3
-6 -1
3 -2
1 6
-5 -4
-7 -1
-6 -4
3 0
4 1
0 8
3 -3
-4 9
-4 -7
5 2
-4 -8
-7 0
-4 -5
4 0
0 -8
0 7
-4 4
-1 -7
-4 10
2 -4
1 7
5 1
-4 6
-8 -1
-8 0
-5 9
-4 8
-4 -9
-5 -9
2 -5
-7 -4
-4 5
4 3
-6 0
5 3
-5 0
-6 -5
-4 -1
0 9
-7 -3
5 4
2 -7
1 9
-5 -7
2 -8
-4 1
5 0
-4 3
5 5
-8 -2
0 -9
0 -10
-6 9
-1 9
-5 5
-4 7
4 -3
-5 -10
-1 -10
-8 -3
4 5
-5 8
-4 11
3 -8
-9 -2
-6 8
-6 -6
-7 9
3 -5
-5 11
4 -8
5 -1
-8 1
4 -9
6 5
-8 2
1 -9
-6 5
4 -2
-9 -3
-10 -3
-7 10
-7 -5
-6 4
4 -10
-8 3
-1 -11
-9 0
5 -8
-9 -1
2 6
-10 -1
-6 -10
-7 2
5 -2
-6 1
-2 -7
0 10
-6 -11
-5 4
-8 -4
1 8
6 4
-11 -1
-8 -5
-6 10
6 1
3 6
4 -4
-3 -9
-7 11
-7 4
-2 -10
6 3
6 -2
4 -5
1 10
1 -10
-5 6
-7 -10
-5 12
7 4
-7 5
0 11
3 -10
6 6
-7 6
-4 12
-8 10
-5 -8
1 -11
-12 -1
-7 7
-1 11
-10 -4
-12 0
-13 0
-6 -12
-7 -11
-7 12
-12 1
-11 -3
-8 5
-5 -12
5 -4
2 8
-13 -1
-3 -10
-14 -1
6 7
6 0
-4 -10
5 -10
-5 13
-5 14
-6 12
-9 1
5 6
-9 -5
-3 12
7 -2
-8 12
7 0
-1 -12
-2 12
5 -3
-1 12
-14 -2
5 -11
-4 14
7 3
-7 8
-7 -9
-9 3
4 -6
-8 -9
-3 -11
5 -6
-7 -12
7 7
-6 14
2 7
-4 15
-8 8
-1 13
2 10
5 7
-12 -2
-12 -3
7 2
3 8
3 7
3 -11
-3 14
-6 -8
-7 -6
-4 16
-15 -1
5 -7
5 -12
-5 15
-9 5
8 0
5 -9
1 -12
-14 -3
-1 -13
5 -5
-13 1
8 -1
8 2
7 8
3 -12
-6 15
8 1
-12 -4
-5 -13
-13 2
-7 -8
-8 -12
7 9
-9 10
-3 16
5 8
2 -12
-1 14
5 -13
2 11
-7 -13
-1 15
-9 6
-8 -11
7 6
-8 13
-13 -3
4 -13
-9 11
7 10
-12 2
-2 15
-3 -12
6 -5
3 9
-9 13
-3 -13
7 -5
7 -3
-13 -4
8 9
-9 7
-10 13
-1 16
-14 -4
8 6
-1 -14
3 -13
4 -14
7 5
-9 14
6 -12
6 -6
-9 9
6 -11
5 -14
0 14
-2 -12
3 -14
3 10
4 8
-9 -6
-7 13
-2 -14
8 7
-10 6
-9 4
9 0
7 11
5 9
8 5
-4 17
-14 -5
-2 -15
-9 8
-9 -9
-15 -5
-13 -5
7 -6
5 -15
0 -14
-10 11
6 -4
-10 -5
-16 -1
0 -15
-4 -11
8 -5
8 -3
5 -16
9 5
9 4
-9 -7
7 -7
-10 9
-3 -14
8 -4
7 -12
-11 -4
7 12
10 4
-6 -13
6 -15
-17 -1
8 -12
-13 -6
9 -4
-9 -10
-14 -6
1 14
0 16
0 -13
-10 -10
8 -11
-2 16
7 -8
0 15
-14 2
6 -8
-14 3
7 -15
-4 18
8 -13
9 -12
8 -7
-6 16
9 -5
-15 -2
0 17
-13 3
-4 -12
8 -2
8 -6
-10 1
-14 1
-10 0
-2 -16
-3 18
-11 2
-17 -2
9 3
6 10
-2 17
-5 18
8 -14
1 17
0 18
-8 14
9 1
10 -12
10 -4
6 -16
-7 16
-11 13
-7 -14
-7 17
5 10
9 -13
-11 -5
-7 15
-1 -16
8 11
11 4
9 11
-3 -16
8 -10
-3 -17
0 -16
-9 -12
-12 3
1 -15
-6 17
-11 -6
0 19
11 -4
-2 18
-14 4
-15 4
-7 18
9 12
-7 -7
-12 4
6 11
10 -3
10 12
-14 -7
-4 -17
-11 3
-3 19
-12 13
-15 -3
9 -14
-9 -13
-11 -10
9 10
-15 2
-11 14
-2 19
4 -16
-18 -1
-17 0
2 -15
-9 15
12 4
10 -5
-1 -17
-4 -18
-15 3
-9 16
1 18
-11 9
-3 20
7 -9
4 10
-8 17
-10 -7
9 7
-16 2
-16 4
3 -15
-11 15
-4 -14
9 8
0 -17
-10 10
-12 12
-4 -15
10 7
-13 13
-5 -14
-8 18
-9 2
1 -17
-10 4
1 -18
0 -18
2 18
-18 -2
1 19
9 13
10 6
-10 -9
-14 13
-8 19
12 5
-11 6
-9 -14
-12 -10
10 0
-12 -11
-9 -8
-19 -1
10 1
9 -7
-3 -18
-13 12
8 13
-14 12
4 11
9 -15
11 -12
3 18
1 15
-8 -14
10 -7
-1 -18
11 -13
0 -19
12 -12
-3 -19
-13 -11
10 2
10 10
-16 -2
-12 6
-2 -18
2 12
-1 19
-10 -11
-13 14
-12 -6
11 2
-20 -1
-10 -12
-15 5
0 20
13 4
9 14
-8 -15
-9 19
-15 -7
-11 11
6 -17
-10 -14
0 -20
-1 20
-10 -8
-15 1
-10 16
-1 -19
-17 2
2 13
10 -11
-9 17
9 -1
13 5
11 7
-4 -19
-3 21
4 12
10 -8
12 -11
11 6
-19 0
0 21
-19 1
-10 8
12 -10
11 10
12 2
11 8
-20 0
-5 -19
-10 -15
-11 16
-13 -10
-10 19
-5 -20
3 -16
0 -21
-11 -14
-16 -7
11 -5
-12 14
-15 -8
11 3
-4 21
-21 -1
-15 -4
5 11
2 19
-16 -4
9 -8
-14 -10
12 10
11 12
-15 0
1 21
-7 19
-22 -1
12 9
-15 -6
12 3
-13 -9
1 -21
-17 -3
-13 4
11 11
2 -17
5 12
-6 -20
9 -9
7 13
3 11
-6 -19
-11 -13
-10 18
11 13
10 -13
11 -10
6 -18
-14 11
-11 8
-17 -7
2 17
11 -14
-10 7
-15 12
10 -15
-8 -16
-18 -7
-3 22
-6 -18
12 6
2 -18
-18 2
-13 5
3 -18
-16 3
-3 23
12 11
4 -17
-8 20
11 -7
-15 -9
-15 13
-5 21
-22 -2
3 -19
-18 -6
13 9
9 -16
-14 5
-13 11
12 -9
-1 -20
-13 -12
-14 10
-6 19
1 -20
13 6
9 -17
-6 -17
-18 -5
2 -20
-2 22
7 -16
-6 -21
-1 21
9 -18
-12 -12
-12 9
-5 19
8 -18
-8 21
1 -22
8 14
10 14
-11 18
-16 -5
-14 9
-13 -13
-5 -15
0 22
-16 -9
14 6
13 -12
6 -19
-12 -13
-8 22
-16 -8
1 -23
-12 10
9 -10
-17 -4
-12 15
7 -19
13 11
9 -2
0 -23
12 7
1 -24
-8 23
4 -19
11 -3
0 -22
14 4
-17 3
-5 -18
3 17
-7 -15
3 19
-19 -5
-9 20
14 11
-20 -5
-22 -3
-10 -16
13 12
-7 21
12 -7
-21 0
-1 -23
11 0
-17 4
-23 -1
6 13
-3 -20
-17 5
13 2
10 -18
2 -24
-21 -2
-9 23
-15 11
3 -24
-4 22
-21 1
-5 -17
11 -18
-5 22
-1 -24
-6 21
-14 -11
2 20
-1 -25
4 -20
-1 -22
14 -12
9 -19
15 4
4 -21
12 -18
-9 24
12 -4
-23 -3
3 -25
-18 5
-15 10
-16 10
-16 -10
-18 4
-18 -8
13 10
-4 23
-10 -17
13 13
14 -13
-3 24
-7 -21
-2 24
-22 1
-16 5
-23 1
4 19
3 -26
2 -26
7 -20
15 6
12 1
-16 6
-20 -6
-23 -4
-9 21
13 1
-8 -21
-14 -13
13 -13
-13 9
10 -9
-19 5
13 14
14 -11
-18 6
-23 2
-7 -19
-23 3
4 13
5 -20
14 1
-11 -16
13 -10
-19 -4
15 11
-23 -5
8 15
12 -8
-12 8
3 -21
-6 -22
1 22
11 14
16 11
14 9
12 -5
11 -19
-4 24
15 5
7 15
4 -24
-9 25
-22 3
11 -1
-9 26
15 9
12 -1
16 10
1 -26
11 -17
-9 -17
15 -11
12 -17
-14 6
-24 -1
11 -16
-3 -21
-2 25
-19 -3
-2 -24
14 2
-1 25
1 23
15 -10
-10 26
-22 0
-24 3
-10 24
10 15
3 -22
3 -27
2 23
-9 -18
-10 17
-22 4
-20 5
15 8
-24 4
4 18
-22 5
-12 -16
2 24
2 16
16 12
13 -17
-12 18
-9 27
13 -16
16 4
-17 -9
-14 8
-7 -17
-1 26
0 -26
17 11
16 13
-24 -4
14 12
2 -27
-22 6
-24 1
-13 15
13 15
16 6
16 9
-13 18
-8 -18
18 11
14 0
-13 -14
-8 26
-24 -2
12 -3
14 14
-2 23
-21 5
-4 25
12 15
-11 24
3 23
-12 17
-14 14
-16 9
-18 -9
16 3
-25 -4
15 13
-17 -10
-18 7
17 12
11 -20
-19 -7
-20 6
4 -26
-10 25
-16 13
10 -20
14 15
-13 -15
2 -21
-11 19
12 -14
-24 -3
14 7
15 2
-19 7
-21 -6
9 -20
-25 4
16 -10
-19 -2
3 16
11 -15
-24 2
-16 14
-10 -18
13 -4
13 -8
1 24
-14 -15
-1 27
-13 19
15 -9
-25 2
2 -23
4 20
2 -28
17 -10
3 -28
1 25
16 14
17 6
16 -9
0 26
-13 20
12 -20
17 -11
8 -19
-23 4
3 20
3 15
-15 -13
-12 20
-14 -14
-16 11
-19 -9
-20 -3
-15 -15
-7 -22
-5 -21
-26 -4
11 -2
-24 -5
14 -10
15 1
-11 -17
-2 -25
-9 -21
18 -10
-2 27
-8 24
-20 7
-5 25
-17 11
-7 22
-7 26
-16 -15
-24 0
19 11
19 -10
-25 -5
19 12
-22 -4
4 -22
-7 23
17 -12
-25 -2
3 22
14 16
-3 25
13 -3
-10 -21
-23 6
-16 -16
12 -15
-17 7
-10 -20
-14 18
4 21
7 14
-19 -10
-18 8
1 -28
-11 -21
14 17
-14 17
-24 5
-6 23
15 16
19 -9
-23 7
18 -12
16 7
-19 -11
-12 -21
-6 26
-11 26
-26 -5
-26 -3
13 -14
11 -21
4 23
-22 -6
20 -10
-21 7
17 9
-8 -20
16 -12
0 27
16 -13
16 -14
-20 -9
5 18
-17 -11
5 -21
16 16
13 0
17 8
16 2
-9 28
-11 27
-8 28
-26 2
-21 8
18 9
-25 -1
-26 4
17 14
-12 24
-4 -21
1 26
2 25
-12 26
-16 7
20 12
9 -21
-8 27
13 -15
-15 -16
-10 21
13 -2
3 25
15 -14
14 -15
21 12
-11 20
-12 23
-20 -8
-26 1
-15 -17
5 23
17 -9
17 2
2 -29
3 26
-12 27
4 -28
-16 15
-25 3
-26 -2
16 -15
-9 22
-25 -6
-2 26
-12 25
8 -21
-23 8
4 -29
9 15
14 -1
-27 -4
-3 -24
-2 -19
-11 -18
-9 -22
16 5
-17 -12
21 11
15 17
3 13
-21 -9
-14 20
-20 -7
-27 -3
0 -27
-10 27
12 -6
-18 -11
-27 -2
18 14
15 18
-14 -16
13 -6
5 -26
17 15
6 15
-26 -6
-9 29
-19 -12
-6 -23
21 13
-24 -6
11 -22
22 13
14 -6
0 -28
4 14
19 -8
6 18
14 -4
4 17
-27 4
6 -21
-20 -10
-10 29
-27 -6
-28 -2
-10 22
-11 -19
-14 -17
16 -8
22 12
-16 -17
5 -28
-1 -21
-15 17
-12 -17
15 -4
6 17
-24 8
-20 -12
-7 28
-17 -16
-27 2
-9 30
16 17
-13 -21
14 18
21 -10
17 17
18 -13
12 -22
3 27
19 -12
7 16
-29 -2
-23 9
-17 10
16 -16
20 -9
14 -16
-22 -7
15 19
-27 -7
18 -8
-17 15
18 -14
4 25
18 6
22 -10
-23 10
-6 28
-15 14
21 -11
3 28
-29 -1
4 26
-4 26
-26 5
-13 -20
5 -22
16 18
-26 0
4 22
6 19
-23 11
-10 23
19 14
-24 11
-14 16
13 -22
-22 10
7 18
-21 -8
-25 11
-21 10
12 16
-16 12
-25 8
-4 27
-25 10
18 10
22 14
-27 5
1 -29
-6 -24
-3 -25
-18 15
-2 -22
-9 31
11 16
19 6
-13 24
-1 -26
-17 14
19 9
-15 6
-16 -18
-2 28
-20 -11
-17 12
-5 -22
-22 -8
-3 -22
22 15
18 13
-14 -20
23 15
-16 17
-24 12
6 -28
3 -23
-7 29
-5 28
-7 -23
13 -21
5 -24
14 -8
17 -8
14 19
-10 -22
21 15
15 -5
-27 -1
-8 -23
-30 -2
22 16
1 27
-30 -3
5 -27
1 28
-18 16
-17 13
16 -5
8 -22
-15 18
5 24
-26 6
-28 4
6 20
15 -15
16 -17
-12 -19
-2 -26
13 19
-14 -18
-28 -4
17 -14
18 -11
-16 -11
-4 -25
-14 15
20 15
-28 -3
12 -23
-20 10
8 -23
1 -30
-21 11
2 27
14 -22
-17 -15
7 -23
19 -7
-28 -6
-17 -17
-5 29
-2 -27
-12 21
-31 -2
-15 19
-14 -21
6 24
-6 -25
6 -27
-19 16
-27 1
22 -9
6 -26
9 16
9 -23
19 10
16 19
-21 -10
15 20
-18 -17
-11 28
14 -23
15 -3
16 -3
-24 9
-28 -1
-26 7
-28 3
5 -29
15 -17
-13 -17
-23 -6
-4 -26
-28 0
-21 -11
-29 0
-5 -23
17 3
-22 -10
-15 20
19 15
-1 28
14 -21
23 16
6 -25
-23 12
14 -3
5 20
5 26
-3 28
18 3
6 21
-7 -25
-13 26
-29 -6
15 -18
7 -28
-12 -22
-8 -25
-24 13
-27 7
-3 -23
-1 29
8 16
-29 -3
-13 27
-13 -22
23 12
-28 2
-10 31
-16 -13
18 5
-30 -4
17 -16
-28 5
18 -15
23 13
6 25
-27 8
20 -12
18 7
17 -5
-28 -7
-29 5
1 29
-14 26
-1 -28
7 -29
19 5
-26 -7
18 -5
-29 -5
9 17
-16 18
19 16
-31 -1
16 -6
-19 17
-28 -8
-28 -9
-13 23
-14 23
-15 23
-15 26
16 1
7 -30
0 -29
-4 29
-4 -23
8 18
18 17
10 -23
-30 0
6 -30
22 11
23 17
2 -30
-20 17
-8 31
-23 -8
-18 9
-28 6
10 17
6 23
23 11
-7 -26
7 24
7 -26
-19 -13
-25 12
20 5
15 -1
-26 -8
-27 -9
22 -8
-9 32
4 27
-14 -22
9 -24
-13 28
21 5
19 17
21 6
-19 -17
6 -24
-31 -4
-26 11
-32 -1
17 -4
22 -7
19 -6
-33 -1
17 5
2 29
21 4
8 -29
22 4
22 10
21 16
-20 18
9 18
7 -31
-21 -12
5 22
-15 16
-34 -1
-20 -17
19 18
-33 0
23 4
8 -30
-32 -2
-14 -19
7 23
17 18
24 16
2 30
23 3
13 -23
20 4
13 -24
3 -29
-22 11
23 -7
-10 -23
-33 -2
-28 7
-3 -27
-29 6
-33 1
11 -23
-28 8
-15 -20
16 20
-14 27
15 -23
19 -13
2 31
2 32
-29 -8
-27 11
-6 -26
-20 -18
24 13
-11 -22
10 -24
-21 18
12 17
-14 24
24 4
24 3
-9 33
24 -7
-21 -13
-26 10
-16 26
-29 -9
23 -10
-4 -27
-9 -25
-30 -5
18 -4
-11 22
-8 30
24 -10
-8 32
-10 -25
20 18
7 -25
20 16
-27 10
-30 -8
19 -14
0 -30
-7 31
-19 15
-29 4
-16 23
-6 31
21 -9
8 -26
16 21
13 17
8 -31
-12 -23
-18 13
2 -31
-24 14
-23 -9
25 13
-4 30
24 2
8 -27
17 20
-28 11
23 -8
7 25
22 -11
3 32
21 -7
-1 -29
-13 21
16 -23
21 -6
-19 -16
-30 5
-7 -27
-31 5
13 -25
21 3
12 18
-17 16
-11 31
-15 -22
19 -4
24 12
24 -11
18 20
-31 0
-11 -25
20 19
2 33
4 32
-15 -23
-16 27
8 -24
24 -12
-19 13
24 11
4 -30
11 17
-31 -5
9 -30
-32 0
-6 32
-24 -8
-12 -24
21 18
-28 10
21 -5
-15 -21
-22 18
24 1
7 20
-27 12
1 32
-31 -8
-18 -15
24 15
-12 -25
12 -25
4 31
5 -30
25 2
-30 6
-28 -10
-3 -28
-17 -18
26 2
-20 9
16 -22
20 -8
-32 -8
25 -7
-29 11
-21 -17
-10 33
23 -12
-8 33
-5 32
25 4
12 19
-33 -3
-22 -13
-35 -1
15 -24
-35 -2
-22 -14
22 9
22 -6
-20 19
-29 1
13 -18
-17 27
-27 13
-16 -14
-29 2
6 26
19 8
25 16
26 13
15 -25
-17 -19
-34 -3
3 30
-17 17
12 20
-23 -13
9 -27
18 21
21 -12
24 5
-8 -26
24 -6
-30 7
21 10
24 -5
7 26
-35 -3
24 -4
-22 -11
9 -25
-32 -5
15 -21
26 16
8 25
-12 -26
-23 -11
27 2
25 12
-10 -26
19 4
18 18
26 4
-29 12
-2 -29
-31 -6
25 5
18 -16
-31 6
24 -9
-22 -17
21 7
4 -31
21 -4
23 18
-18 14
-22 12
-2 -30
14 -24
-21 -14
15 -26
-3 -30
8 23
-15 -18
-23 -14
-29 8
2 34
8 -28
0 -31
20 6
9 25
26 17
0 32
-36 -2
7 -32
1 33
-32 -4
-23 -12
26 5
24 18
-5 -24
25 3
28 2
25 -11
16 22
23 -4
20 -13
-29 9
12 -26
25 -9
-21 -18
-23 -17
-21 17
-8 -27
23 -5
-3 29
-2 -31
-22 13
-28 13
11 -25
7 -33
-35 -4
28 1
11 20
21 8
17 -22
-7 33
-4 -28
16 -18
19 20
28 3
-30 8
26 -7
16 -21
-4 -30
24 0
29 3
-32 -6
16 -24
-12 31
2 -32
18 -22
1 -32
-3 -31
8 -33
-32 6
-37 -2
25 -5
-28 14
-16 20
-8 -28
-16 28
10 20
-24 -7
-31 7
18 -23
23 19
29 2
-13 31
5 32
-17 23
-29 14
-16 29
-18 27
14 -26
3 -32
-36 -4
18 -21
20 3
7 27
-32 7
17 -23
-20 -19
19 -3
9 26
14 -20
-22 17
19 -2
27 4
-10 -27
-30 2
-1 -31
-11 32
10 26
23 -13
12 -27
11 21
2 35
26 -6
-5 -25
-16 30
-18 26
7 22
-14 28
26 14
29 4
11 -26
-4 31
29 5
-2 -32
-2 -33
-30 11
9 27
-21 -15
-35 -5
-15 21
-33 -5
-33 6
26 15
-35 -6
26 -9
-18 28
5 33
-33 -4
-32 -9
0 31
-16 -23
10 -26
-13 29
26 -10
16 -1
-13 -26
5 34
26 12
0 28
-11 29
-10 34
-19 -19
-35 0
15 -19
-35 -7
-18 11
25 18
-34 -4
-8 34
-34 -7
19 -5
-24 15
-24 -17
-19 27
-5 -28
-30 3
-12 30
-28 15
-18 10
20 20
-23 -15
-37 -3
19 -1
27 13
30 4
17 -18
-30 14
-30 10
-29 15
-31 14
-13 -24
17 1
27 5
-12 -27
-3 31
11 26
-4 -31
18 -24
-22 19
0 33
23 5
23 20
-18 -14
8 -32
6 -33
6 34
-6 -28
3 -33
-14 -26
-33 -6
30 5
-15 25
28 13
-17 22
25 0
25 1
10 27
-10 35
-9 -28
-11 35
-22 -18
24 10
-12 35
-28 16
-9 35
-9 36
-17 29
19 -23
22 -13
-1 32
-1 30
-38 -2
28 14
13 20
-1 -33
0 -33
28 4
-19 -15
25 -1
-34 -8
-23 17
27 -9
4 -33
-10 -28
-27 16
16 -26
-17 21
-22 -16
23 -14
15 21
-31 11
22 -14
25 19
5 31
3 -34
-24 -18
-23 18
17 -3
-6 -29
5 -33
18 -25
-22 20
14 -27
15 -27
11 22
19 -21
-24 -11
16 -19
30 2
-14 -24
12 22
-34 6
19 -16
9 -32
21 20
15 -28
-20 27
-25 14
15 -29
18 22
8 22
22 8
6 35
-24 -10
-16 24
-10 36
17 -24
-33 7
-9 37
7 35
4 -34
2 36
-36 0
27 16
-36 -6
8 -34
0 34
17 -26
16 23
23 21
27 -6
16 -2
-32 14
-16 -24
11 19
5 35
-26 16
-26 14
9 22
16 -20
-32 -10
26 18
26 1
-31 1
23 9
8 26
-29 -7
4 34
-32 -11
6 -34
-8 -29
-31 -9
-19 26
-23 20
-18 25
-15 -26
25 -8
26 -11
31 4
-35 1
10 -27
27 -7
8 27
-12 36
-10 37
1 36
9 28
-31 12
0 35
4 28
-17 20
28 -9
1 -33
-18 -18
21 21
-30 9
30 6
25 6
25 -2
-15 30
31 2
-19 11
-15 31
32 4
-38 -1
-13 36
12 -28
16 -29
-24 17
6 -35
8 -35
27 -11
-25 -10
-31 2
21 22
-25 -17
19 22
-9 38
9 -34
3 36
-23 19
-34 1
29 -9
-33 -10
-16 -20
-35 6
13 -28
-33 -11
-1 34
-4 -29
-14 -27
-24 -13
-31 9
24 -14
-17 -20
29 14
18 -18
23 22
-15 28
-14 36
15 23
-34 -10
-9 -29
11 -28
25 7
13 21
-37 -6
-23 -18
25 -3
-4 32
26 19
24 -15
26 7
28 0
28 5
-14 -25
-14 31
-20 15
-5 33
-32 -12
31 5
9 -35
-35 2
-37 0
0 36
20 -16
-20 26
13 22
27 6
28 -11
19 -24
-20 14
-16 -21
27 19
-34 5
-7 -28
-26 -10
32 5
-17 -24
23 6
-33 -8
-35 7
-24 -19
-11 -28
-23 -16
-38 0
29 15
9 24
-10 38
17 -27
-4 33
-37 -7
-8 38
9 29
-31 4
17 23
19 21
-25 -19
-16 31
3 35
-2 -34
1 37
25 8
-20 -20
-14 35
-11 37
10 24
-25 -13
-38 -7
10 29
14 23
-25 -11
26 0
-30 -9
17 -19
27 17
-37 -4
8 28
-1 35
-1 36
-25 -16
10 19
9 -31
-15 36
18 -27
-35 -10
9 -36
-9 -30
26 11
30 7
-19 19
26 10
-14 -28
12 26
-5 -31
-33 8
15 -30
-32 2
11 29
26 -2
-16 32
-6 -31
24 -16
27 -5
-26 -19
-33 -12
-34 4
-32 4
-18 -24
-34 -11
-32 3
-32 -13
-15 -27
-26 -16
0 37
-3 -33
26 20
17 -28
-2 34
-36 6
17 -20
11 30
-36 7
-32 -14
-8 35
-17 32
-16 25
10 -32
-20 28
-32 15
-21 20
-10 39
6 32
-4 -32
-12 37
-27 15
-35 -9
10 -28
-36 -10
-33 2
-36 -11
12 25
31 3
10 -34
-37 -11
28 -10
32 3
31 7
26 -8
-34 -12
28 -8
-21 27
13 25
-18 29
11 -32
-36 5
30 8
33 3
-18 20
-7 35
-2 36
6 -36
15 24
21 23
-12 38
-18 23
11 23
-34 -13
-5 -32
21 24
-36 -5
-38 1
-38 -4
-35 8
32 7
26 21
-23 -19
-16 -26
19 -25
-5 -30
12 -29
-31 -10
-10 -30
-10 40
29 6
-31 -11
20 -24
24 -13
10 30
-24 18
25 20
4 -35
28 -12
7 32
7 -36
-39 -7
-9 40
27 12
-19 29
-8 37
-38 -8
4 -36
-36 8
-39 1
1 -34
31 6
16 -30
11 28
-37 -12
-13 -27
-36 2
-14 32
-39 0
-6 -32
23 23
-25 17
-38 -11
21 25
-24 -14
-12 32
24 21
-34 -14
4 30
-33 15
-19 -24
11 31
27 0
-32 9
23 -15
33 4
-21 28
-12 39
-14 -29
-20 -21
-19 20
-17 30
-6 -33
-18 -20
-22 28
-31 -14
4 36
-34 7
28 15
-5 -33
-40 0
-13 38
-35 -14
-7 -32
27 -2
19 -17
-19 -21
5 28
-13 -29
4 37
-5 -34
-17 24
-25 -18
-14 -30
7 -37
-38 -12
-6 33
20 17
0 -34
28 17
-39 -11
9 30
22 24
-6 -34
28 -5
-21 26
4 29
6 36
-7 38
-31 -15
25 11
15 -31
-25 -14
-24 19
-26 -17
-10 41
12 30
15 -32
8 32
19 -27
-18 32
24 -17
-8 40
29 -12
3 -36
30 15
-16 33
-25 -20
34 3
-39 -4
-30 13
28 19
19 -26
-26 -20
-35 3
-22 21
4 -37
-5 34
-20 29
-6 34
28 -7
-32 13
28 18
17 -29
-38 -10
-32 11
-19 32
34 2
-36 4
35 2
12 27
-38 -3
-37 -13
-16 34
-27 -20
12 -32
21 -16
-37 2
9 32
-11 41
-2 -35
-33 14
-39 -3
8 -36
10 -29
21 -24
12 31
-25 19
-20 25
-19 -23
18 -19
29 -7
-7 40
22 -15
-16 35
-41 0
-42 0
1 -35
8 31
-5 -35
20 -21
-37 5
-10 42
23 -16
30 14
-19 21
-11 40
16 24
29 18
2 -35
1 -36
-34 14
-34 13
-2 30
-25 -12
-40 -3
-15 -25
0 -36
30 13
25 -14
-38 2
-35 14
-18 -25
31 1
6 37
14 25
-26 -14
29 0
-19 33
4 -38
12 29
24 -18
-20 30
14 26
-21 30
12 32
31 15
20 21
-19 31
19 23
-39 -10
19 -19
36 2
-21 -21
-4 34
-34 15
37 2
-27 -14
30 16
-39 2
-22 26
5 -35
36 1
-19 -22
29 -13
-7 -33
-40 -11
20 -17
-4 -35
-37 3
32 1
-7 39
21 -17
26 -14
-26 -12
-14 -31
32 0
-35 9
-40 -12
6 -37
-23 28
4 -39
-33 11
26 -13
-5 35
-28 -20
19 -28
-25 20
-5 -36
-6 -36
4 38
-13 -30
29 -5
-6 39
-22 29
-36 9
-6 38
-39 -6
-15 -31
-28 -14
-5 38
-16 -31
-33 13
10 -36
4 -40
-40 -2
20 24
13 27
24 -19
-28 -21
13 30
-19 34
8 33
-35 -13
24 -20
-14 -32
-3 -35
27 -14
-36 10
-23 21
27 -3
6 38
28 6
-7 36
-35 13
-3 33
31 8
-1 -35
-15 -28
25 -15
-8 -30
-42 -1
-40 2
11 -33
31 16
-20 31
-14 -33
-37 8
-26 17
16 -32
-6 37
-31 -16
35 3
29 -6
-16 36
-7 -34
32 -1
4 -41
-36 -14
22 6
8 35
31 13
-6 -35
-40 -10
16 25
-6 -30
31 17
-28 -22
15 -33
-41 -2
26 -5
-34 11
-7 -31
20 -25
33 -1
25 -19
-10 43
-15 -33
3 -38
5 -37
-40 3
-12 41
22 -24
18 -29
-2 37
-19 35
14 30
7 38
20 -27
-37 6
-8 -34
38 2
19 -29
-28 -13
-34 10
-18 34
17 25
28 -3
29 17
0 38
36 0
38 1
-29 -14
15 26
-30 -16
20 -18
-24 -20
-34 16
26 22
-34 -15
33 7
16 -33
30 0
-4 38
8 38
-17 -26
11 -34
16 -34
13 31
-16 -27
-33 12
-28 -23
-26 -15
-24 21
-12 40
-4 37
-39 3
-20 -23
3 37
-40 -6
26 -12
29 7
17 -33
19 -30
-13 -33
31 12
33 2
36 -1
32 13
-18 35
-41 3
-9 -31
-21 -19
20 -29
-8 41
-41 -6
-22 22
4 -42
30 -12
-7 -35
34 1
5 -41
19 24
-30 -17
34 4
27 -12
-28 -15
31 0
-35 12
29 -3
-12 -30
-36 13
12 -34
11 -31
27 20
-37 9
28 20
33 6
-38 -9
32 -2
-30 -18
28 -14
-20 -24
8 34
29 20
-39 4
-14 37
-3 -36
20 -28
-3 -37
-19 36
11 -30
25 -18
-36 14
-17 -31
36 -2
18 25
-22 25
33 5
-29 -20
-17 35
-13 39
-31 15
11 -36
-35 11
-40 -7
3 -40
-9 -34
27 11
-21 -22
-24 22
-42 3
-37 14
-18 22
-18 -31
31 18
-24 -21
-21 31
31 -1
26 -18
-15 37
-15 -34
14 -33
37 3
7 39
31 14
4 -43
34 0
4 39
6 -38
9 33
-17 36
10 33
19 -31
26 23
11 -35
-39 5
-12 -31
-29 -21
9 38
-24 28
14 -34
-17 -27
-29 -23
14 29
-32 16
33 13
17 -30
-31 -18
20 -22
-42 -6
-11 42
35 -1
-30 -21
-43 -1
-8 42
-15 38
38 3
18 26
32 17
-35 -15
-36 11
14 -35
-8 -32
-16 -32
-25 18
-18 -26
-37 11
-10 -29
11 -37
-15 39
29 13
4 40
-3 38
-16 38
-42 2
-41 1
-39 -8
21 26
-12 -29
19 26
30 12
3 -39
26 24
-26 20
-30 -23
-8 -35
27 23
16 -35
-43 -6
3 39
-22 23
32 12
25 -20
8 37
4 41
30 -7
-12 42
22 -17
-42 -7
30 -13
-23 -20
39 2
14 28
-11 -29
16 -36
-21 -24
-20 24
33 14
10 32
24 23
16 -37
3 -42
2 39
-16 37
-18 24
11 33
-24 27
20 25
13 32
31 -12
-32 -16
32 11
26 -20
13 -32
3 -41
19 -20
-9 -32
-39 6
-25 -21
-23 27
15 28
-10 -31
26 8
-38 11
-32 -18
-25 22
0 -37
-43 -2
-17 38
30 -14
28 -2
38 0
-43 2
-17 -28
-31 -23
-6 -37
-40 -13
29 -1
-15 -29
12 -33
25 -16
-39 -5
-14 39
32 18
28 21
-25 27
30 -5
20 -20
-23 -21
10 38
-23 22
-32 -23
-27 -19
-21 22
-20 36
-18 -28
5 -43
2 37
-29 -24
20 -19
-43 1
37 4
-4 -37
18 -33
-17 37
-44 -6
21 -20
2 -41
15 30
-40 -9
7 40
30 9
-41 -9
16 28
-23 -22
26 -21
3 41
37 1
-8 43
-22 31
-38 8
-34 17
3 42
-25 -22
-10 44
29 -14
-12 -32
-22 -20
27 -15
6 39
26 -15
30 -9
10 39
27 -4
8 40
30 -11
2 -42
9 39
-32 17
32 19
-44 1
-8 -36
31 -13
35 -2
34 -2
-9 41
-39 11
-38 12
31 -14
11 38
21 -28
-40 11
1 -41
-42 -8
15 -36
-9 -35
37 0
22 -20
39 1
-34 18
17 -37
25 -17
30 -4
-10 45
-7 42
-36 15
-18 -30
5 39
11 -38
2 -38
-23 29
40 2
-35 17
-40 12
25 9
-31 -24
21 -25
33 17
-39 -13
-36 17
11 34
17 28
-13 42
13 -35
-30 15
8 41
-10 -34
-9 -36
-39 -14
-17 -29
-44 -5
-21 36
20 -30
-18 -32
