0 1
0 -1
-1 -1
-1 1
1 1
-1 2
-2 -1
-3 -1
-2 1
-3 -2
-1 -2
1 2
-3 1
-3 2
-4 2
1 -1
-5 2
-5 3
-6 2
2 2
-3 -3
-3 -4
3 2
-5 4
3 1
1 -2
-1 3
-2 -4
-6 3
-6 4
-6 5
4 2
-2 -5
-7 5
3 0
-4 -1
-2 -6
-3 -6
-7 6
-1 -6
5 2
0 -6
-7 3
-5 5
-8 3
-2 -7
-9 3
-8 6
-9 2
-9 1
-10 2
-4 5
-4 -2
1 -6
6 2
-3 -7
-10 1
-11 1
6 1
-12 1
-13 1
-13 0
0 -7
-13 -1
2 -2
-4 -7
-4 -4
-8 7
-13 2
-3 5
-8 8
-14 0
-9 8
-9 9
6 0
-10 9
-5 -4
7 2
-9 10
8 2
6 -1
0 3
-5 -7
-14 2
-8 5
4 3
7 3
3 -2
0 -8
-5 -8
7 4
-6 -4
-9 4
-11 9
-6 -8
-14 -1
4 -2
-5 6
5 -2
-4 -8
-11 10
-13 3
-12 10
-5 -9
8 4
-13 10
-15 0
8 1
6 -2
9 1
-13 11
-15 1
8 5
-5 -10
-13 12
-14 -2
-1 -8
-13 13
-16 1
-5 7
-1 -9
-6 -9
10 1
-7 -9
-16 2
5 -3
-7 -10
11 1
-11 11
-17 2
-17 3
-2 -9
-16 3
-7 -11
-18 3
-14 -3
-16 0
-16 4
-2 -10
-13 14
-3 6
-1 -10
-16 5
-18 2
-2 -11
11 0
-7 -12
-18 1
7 -2
5 -4
-7 -8
-19 1
-7 -13
9 5
-2 -12
5 -5
-14 14
-19 0
9 6
0 -9
1 -9
-6 7
8 -2
-15 14
12 0
12 1
-4 -10
10 6
-7 -14
-6 -14
5 -6
8 6
-16 6
-2 -13
-20 0
-16 14
-14 15
-7 -7
-19 3
-15 15
-8 -14
-8 -11
-16 15
-8 10
-19 -1
-16 16
-2 -14
-17 15
11 -1
7 6
-20 -1
-7 10
13 0
-17 6
-19 4
7 5
14 0
14 -1
2 -9
10 7
-16 17
-19 -2
-20 -2
2 -10
-6 10
-17 17
-9 -14
-2 -15
-20 1
-18 15
-10 -14
14 -2
15 -2
-1 -13
-9 5
3 -10
-21 0
-22 0
-7 -4
-10 -15
-18 17
12 2
-7 11
-19 17
-14 -4
-18 18
10 8
-19 18
2 -8
-22 1
-6 -15
14 -3
14 -4
-19 19
7 7
-7 -15
11 6
-7 12
-6 -16
14 1
-5 8
14 -5
0 4
-7 13
-3 -15
-20 17
-10 -13
-23 1
13 2
-19 15
14 -6
-20 -3
-11 -13
4 -10
-11 -14
-6 13
15 0
-11 -15
-11 -16
15 -5
10 9
-12 -16
-19 20
-7 14
-24 1
16 0
11 -2
-12 -13
-21 -3
-20 20
-2 6
-21 17
-22 -3
-2 7
-13 -16
6 -6
16 -2
-16 13
11 8
-1 7
7 8
14 -7
7 -6
-20 -4
-20 21
16 -5
-15 -3
-1 8
11 9
-5 -16
-7 15
-22 -4
-20 22
-23 -4
-19 22
15 -7
-13 -15
-3 -16
0 -13
16 -6
17 -6
-24 2
-14 -5
9 9
-20 23
18 -6
-25 2
18 -7
-12 -12
4 -9
-11 -17
13 -7
-14 -16
-7 16
-5 -17
18 -8
4 -11
-1 -15
-12 14
-1 -16
-11 -18
-7 17
-1 9
19 -7
-14 16
7 -7
11 10
16 -1
-24 -4
-19 23
19 -8
-14 17
-15 -16
-13 -13
6 8
20 -7
-21 16
-5 -18
4 -12
-2 -16
-13 17
18 -9
-16 18
-7 18
-25 -4
12 9
-7 19
-21 15
-12 -18
-6 19
-12 -19
-1 10
-5 -19
-6 15
-5 15
-13 -18
20 -8
-8 17
-5 16
0 -16
-6 20
11 11
-13 18
-21 14
-22 17
-20 24
-26 2
12 11
-19 24
-26 3
-4 15
15 1
-4 -19
-26 1
20 -9
-16 -16
-25 -5
-12 -20
-18 24
-26 4
13 11
-27 1
-13 -19
-5 17
5 -12
-17 -16
-23 17
-27 0
17 -2
-28 1
0 -15
-26 -4
-12 -21
14 11
1 -15
-6 -19
21 -8
18 -2
-28 0
22 -8
19 -2
-21 20
23 -8
14 12
-7 20
23 -9
-7 21
15 12
24 -9
-18 25
20 -2
-21 21
-12 -22
-22 20
-20 25
2 -15
20 -1
-8 19
-13 -22
-11 -21
-7 22
23 -10
0 9
-28 2
21 -1
14 13
11 12
-21 22
-3 15
-20 26
23 -11
-29 0
23 -12
21 0
-14 -22
2 -16
13 3
15 13
-29 -1
-27 4
10 12
10 13
14 14
-20 27
-30 0
9 13
-6 22
-1 -17
-5 22
22 -1
-19 14
24 -8
-21 25
-17 25
-31 0
-4 -20
-20 28
-32 0
-17 7
-17 26
-20 29
-14 -19
24 -10
-25 -6
-14 -23
-4 -21
-33 0
-18 -16
-22 22
-18 -17
-5 23
-33 1
-27 -4
-24 17
-5 24
-16 25
-24 16
-15 -23
-28 3
-19 -17
24 -12
-20 30
23 -13
-20 -17
22 -12
16 -7
-28 -4
-5 25
-15 -22
-22 25
-21 -17
1 9
-3 -21
-27 -5
-4 23
25 -8
13 -8
25 -9
-22 -17
-25 17
18 -10
-4 -22
-15 -24
-22 -16
-19 28
-20 31
-12 -23
-5 20
-24 15
-10 -21
-34 0
-20 32
-4 17
-34 -1
-6 25
-34 -2
26 -9
-23 25
-5 26
13 14
-21 32
26 -10
-20 33
13 -9
20 0
23 -14
-25 4
-18 28
-26 -6
27 -10
22 -2
23 -2
-27 5
-6 -20
-19 -18
-16 -24
-26 17
1 -16
-4 20
-2 -21
23 -15
-17 -24
-10 -22
-24 25
-35 -1
24 -2
-18 -24
12 6
11 13
6 9
-22 -15
-4 19
24 -3
-3 23
-2 23
-5 27
-12 -24
-34 -3
23 -16
27 -11
-22 32
22 -16
-1 23
16 12
27 -12
-36 -1
-35 -3
16 11
27 -9
-17 -25
24 -14
-27 6
27 -13
-21 -18
-2 -22
-2 -23
-19 -24
-37 -1
-38 -1
14 15
-39 -1
-23 -15
-39 0
-19 -23
15 14
-8 22
-20 34
-40 0
-35 -4
-5 28
-7 25
-38 -2
-20 -24
-37 0
0 23
-34 -4
-2 -24
16 14
-28 4
-13 -24
24 -16
24 -17
-34 -5
-1 -21
0 22
27 -8
16 15
-28 6
-26 18
-22 33
-18 29
-36 -4
-24 24
-20 -25
-20 35
-41 0
16 16
-6 28
-18 30
1 22
-42 0
-17 -26
-3 -24
-20 36
-4 28
28 -8
-16 -26
-20 -26
-21 28
28 -13
-7 28
27 -14
-39 1
-42 1
16 13
-29 -4
-23 -16
-20 37
-15 -26
-14 -26
15 16
-21 36
28 -14
25 -17
-1 -24
-25 25
-4 27
-20 -27
21 1
-42 2
22 1
-21 -27
23 -17
-22 -27
-22 -26
28 -12
-20 -28
16 10
-20 38
-43 2
29 -14
0 -24
-19 -27
24 -18
4 -13
14 -9
-19 -28
-20 39
-20 40
-4 -24
-7 29
-14 -27
-2 -25
15 -9
23 1
1 -24
-39 -2
-2 -26
-7 30
30 -14
17 10
-10 -23
-42 -1
1 -25
-43 -1
-21 -28
-20 41
-44 -1
-13 -27
23 2
1 -26
-7 31
-19 41
31 -14
-16 -27
25 -3
-17 29
2 -26
-44 -2
-18 41
-45 -1
-14 -6
-18 42
-45 0
-21 41
-38 1
-21 -29
29 -8
-21 -30
-2 -27
-19 -29
13 -10
-4 -25
-17 42
-17 43
25 -2
-26 -7
-22 -29
32 -14
-7 32
10 14
17 14
-23 -26
-26 19
-7 33
31 -13
-22 -30
-27 19
-7 34
31 -15
-10 -24
-25 26
31 -12
-46 0
-22 41
-22 28
-23 33
-6 32
-22 -31
16 9
-14 -28
17 12
8 -7
-29 4
28 -7
24 -19
-18 43
-23 -29
8 13
33 -14
-1 -27
-23 34
-23 28
-21 -31
-40 -2
-21 -32
3 -26
-38 2
33 -15
-22 42
17 15
25 -4
-21 -33
-35 -5
-24 34
17 16
24 2
34 -15
-38 3
-21 -34
-21 -35
-46 -1
18 12
-22 -35
18 15
18 16
-24 -29
-47 0
-23 -17
15 17
34 -14
-28 19
-20 -34
-21 -19
-48 0
34 -16
24 3
-5 32
-24 35
-49 0
-18 44
31 -16
-35 -6
-40 -3
-23 -18
-29 19
-8 34
4 -26
-23 -27
-4 -26
-25 27
-19 35
-38 4
19 16
-18 45
-45 1
28 -15
-24 -28
19 17
35 -16
-24 -18
-28 7
-26 27
-49 1
-20 42
-22 43
-16 43
-21 -36
-19 45
-49 2
-40 -4
-25 -29
-21 -37
-45 2
34 -17
-17 45
24 -20
-3 27
-39 3
-49 3
-24 -19
4 -27
-50 0
21 -16
35 -17
-22 -37
-44 -3
25 -20
-16 45
24 -21
-23 -37
-22 44
35 -18
-1 -28
5 -26
-15 45
-50 -1
35 -19
-6 34
-45 -3
26 -2
-23 -38
23 -21
26 -4
5 -27
35 -20
29 -7
-26 28
-47 -1
-17 46
20 16
-26 29
-14 -29
-21 -38
-22 45
-36 -6
31 -11
17 9
4 -28
34 -13
-27 27
-51 -1
-17 47
35 -21
36 -21
35 -13
-29 20
36 -22
-23 -39
-3 28
-47 -2
-52 -1
-15 46
-17 48
-20 -38
-47 -3
27 -2
-50 2
-25 35
6 -26
-2 28
-49 4
-22 46
13 -11
-48 -3
2 22
29 -6
-24 -20
36 -16
37 -22
36 -19
-43 3
23 -22
-25 -18
-2 29
-26 35
-26 -8
-24 36
-51 2
24 4
-19 46
-48 -4
-23 42
36 -18
-49 -3
-29 5
-47 -4
-14 -30
21 2
37 -21
38 -21
-37 -6
3 22
4 -29
-50 -3
32 -11
-49 5
-48 -5
15 18
-17 49
-18 49
-16 49
-23 -40
-27 35
-24 -40
-22 47
-53 -1
36 -13
30 -6
-2 30
21 16
-29 21
36 -12
-28 35
-18 50
-18 51
-20 -39
37 -18
39 -21
36 -11
-15 43
-22 -33
-14 -31
21 -17
-54 -1
10 15
-55 -1
-23 -41
3 23
-37 4
40 -21
-8 35
-19 49
37 -23
-20 49
-48 5
25 -21
-15 49
-47 -5
20 17
-18 52
40 -20
-28 27
-14 45
-55 -2
-22 48
-56 -2
-57 -2
16 18
-25 -40
4 23
-8 36
-50 5
-14 49
-23 48
5 -29
-14 48
5 -30
-16 50
-1 -29
-49 -5
-22 -41
-50 -4
-19 -39
20 18
37 -13
36 -10
-49 -6
-22 49
38 -13
-24 -30
-50 -6
40 -22
37 -10
-56 -1
-22 50
-50 -7
-13 -28
-23 50
-18 -39
-26 -18
-47 -6
-24 -31
-47 5
20 19
21 19
6 -30
-14 43
-18 53
-17 -39
-9 36
-25 -41
30 -5
4 22
-19 53
-43 4
-19 54
-23 41
37 -24
-15 50
-23 46
-57 -1
41 -21
-24 50
-56 0
-19 55
-7 36
-24 -26
-25 -42
7 -30
-26 -40
-58 -1
18 10
-55 -3
-29 35
-57 -3
33 -11
19 10
39 -13
-13 49
-24 41
-13 48
-18 55
-25 -43
-29 36
-50 6
40 -23
-27 -40
-20 50
-25 -44
-29 37
-2 27
37 -25
37 -26
22 19
-56 1
-1 -30
-24 -32
-19 56
-50 7
19 11
-22 -42
21 15
-15 51
4 24
5 -25
-27 -39
30 -4
20 11
41 -23
-13 50
-47 6
-20 56
36 -9
40 -13
37 -27
35 -22
-52 -2
-58 -3
41 -20
-5 33
-15 -31
-12 48
-29 34
37 -28
20 10
38 -10
-10 -25
-8 37
40 -24
41 -13
-49 -7
-56 2
-56 3
-44 -4
-25 50
-13 51
-25 -32
-18 -40
-58 -4
41 -14
31 -4
38 -27
42 -13
-25 -26
-10 -26
-26 -42
36 -24
25 3
-29 38
41 -15
-25 49
-49 7
-51 -4
26 3
-12 51
42 -12
36 -8
-11 51
-51 -7
-28 26
-18 56
42 -14
-30 34
-49 -8
-21 56
41 -16
-16 -39
-26 -19
42 -21
-57 -4
-25 -45
-10 51
22 20
22 21
-44 -5
23 -23
-48 7
-18 57
38 -9
23 19
43 -13
-25 -25
24 19
-21 57
-13 -29
-27 -41
-17 57
20 20
-26 -29
-58 -5
-28 28
-51 7
-16 57
5 22
42 -23
-58 -6
39 -9
-18 58
-22 57
24 -23
-22 58
-4 32
-10 -27
21 -18
-17 58
24 18
36 -28
-47 -7
-24 -45
-11 52
-31 34
-23 -45
-25 -46
-22 -45
-3 32
25 18
-2 -30
-55 -4
-52 7
8 -30
42 -16
-58 -7
-28 38
-18 59
8 -31
40 -9
39 -8
-59 -6
-28 8
-60 -6
5 24
-59 -1
-15 57
-28 -39
-16 56
8 -32
39 -27
-18 60
36 -26
-59 -7
-52 -7
-9 51
-23 58
-17 60
-29 -39
-60 -7
-29 39
-26 49
24 5
-48 -8
-61 -7
-23 59
22 22
-5 34
-16 55
26 -21
14 18
-14 57
-9 52
-28 -38
-58 -8
-1 -31
-29 -40
-35 -7
-16 60
42 -17
-23 60
22 23
-48 -9
26 2
-53 7
22 24
21 24
9 -30
-29 -38
-48 -10
-24 59
-6 36
4 25
-13 57
-25 48
-47 -10
-2 -31
-30 38
35 -28
-17 -38
25 19
5 23
-59 0
-30 -40
-13 43
-58 -9
37 -29
38 -29
-59 -2
-24 60
4 -30
-60 -1
43 -21
25 20
-48 8
-25 51
43 -16
-26 -46
-33 -5
-16 61
-8 38
-61 -6
-25 41
-22 -46
39 -28
-60 0
-62 -6
-47 -11
-33 2
-15 -39
-26 -32
-22 60
36 -29
-16 -40
-52 -8
-9 53
-59 -9
-26 50
23 21
41 -9
36 -30
-24 42
42 -18
44 -16
-48 9
-12 57
43 -20
37 -30
-53 8
-62 -7
-8 51
36 -31
-59 -10
23 24
-21 -46
39 -7
-61 0
-2 -32
25 21
-1 30
45 -16
-63 -6
-14 -39
7 -32
5 -31
8 -33
-61 1
-48 10
26 20
-8 52
-30 -41
-60 -9
8 -34
43 -22
37 -31
-63 -7
-14 -40
-25 60
41 -10
-30 5
-61 2
27 20
-20 -46
40 -25
44 -22
-63 -8
23 25
-26 -28
-64 -8
34 -22
-15 61
36 -32
-64 -6
28 20
23 -24
-27 50
-28 29
-20 -45
-65 -8
-63 -9
35 -32
-31 -41
-13 -31
36 -33
-32 34
29 20
27 21
-66 -8
24 24
-27 -32
-29 -37
-29 22
-66 -7
41 -8
36 -34
29 21
26 18
-49 10
-32 -41
-9 54
45 -17
-63 -10
24 25
46 -16
-33 34
-25 61
-20 -44
-27 -28
8 -35
-22 56
-62 2
-25 -47
-19 -45
-34 34
-10 -28
-16 62
-63 2
-29 40
-7 51
9 -35
38 -7
-64 -5
8 -36
-63 3
-24 -47
-16 63
-50 10
-17 63
39 -29
27 -21
-64 2
-53 9
-11 57
45 -22
40 -7
-27 -46
-2 -33
41 -7
37 -33
40 -6
43 -12
-33 -41
40 -29
7 -36
-10 57
-8 54
-66 -6
-34 -41
35 -34
-6 51
-14 58
-35 34
-48 -11
-66 -9
35 -8
-5 51
-64 -4
42 -24
7 -37
7 -29
-23 61
-15 63
-26 -47
41 -6
-65 2
-46 -11
-21 -47
-28 50
-22 -47
-33 -40
-7 50
-28 51
34 -32
-10 58
-63 4
-14 63
-20 -47
-5 -26
42 -9
20 24
-29 41
27 2
-49 -11
-7 54
38 -33
-63 5
-30 22
-29 29
29 22
-28 -32
-67 -6
-29 -36
-31 38
35 -24
45 -23
44 -20
-28 -46
43 -24
45 -20
-26 61
-47 10
-66 -10
29 23
-15 64
-68 -6
46 -15
-20 -48
-50 -11
-1 31
42 -7
7 -38
6 -36
44 -12
-5 52
-10 59
-47 7
-67 -5
43 -7
-14 64
-25 42
-27 49
44 -7
35 -7
-18 63
-63 -11
-18 64
38 -6
-14 65
-7 49
-32 33
-20 -49
-59 -11
-49 11
19 24
-69 -6
-65 3
7 -39
-30 19
-28 52
-22 -48
45 -7
-25 59
25 17
-65 1
30 20
-20 -50
-18 65
40 -28
34 -28
-61 -9
-69 -5
-6 37
-8 39
46 -7
-19 65
-63 6
-29 -32
-19 -47
-54 9
36 -35
-21 -50
-34 -42
-19 66
-29 -46
-64 5
-30 41
-4 34
-63 7
-27 52
-29 -47
46 -6
-35 35
-16 -41
39 -33
-8 55
24 26
-29 -48
-27 61
40 -30
-20 66
-66 1
-48 -12
40 -5
-28 61
-35 -42
-63 -12
-64 7
-14 62
30 23
-20 -51
47 -16
-29 61
-4 51
-17 65
-34 33
39 -34
-46 -12
25 26
-65 5
29 24
-46 -13
46 -5
-16 65
-69 -4
41 -30
46 -23
30 19
-36 -42
40 -4
10 -35
-63 -13
-14 -41
-29 -49
-35 33
31 19
-69 -7
-19 -51
-18 -51
-64 8
47 -15
-22 -50
-70 -4
-28 60
-30 -49
-64 -13
7 -40
-49 12
-14 66
-28 41
42 -30
21 -19
39 -35
-30 -50
-64 9
37 -6
-70 -3
30 18
-1 -33
-29 51
-37 -42
31 18
-19 -52
-13 62
-29 52
-37 -41
-36 33
-29 60
-29 50
-57 -9
-37 -40
-22 -51
44 -13
11 -35
21 11
-28 -49
-18 -52
25 16
-65 8
-31 -50
41 -31
19 25
-21 66
36 -36
-70 -7
-18 -47
41 -5
-13 66
-31 39
-27 62
-13 67
-66 8
32 18
25 27
-5 50
-67 -9
46 -8
46 -14
-22 66
-18 -48
-38 -42
-13 68
-13 69
6 22
33 18
-30 50
-4 52
-17 -52
-68 -9
30 24
-49 13
-13 -41
-20 67
-11 59
-18 -53
-24 61
-21 67
29 25
-31 41
30 25
29 26
36 -37
-67 1
-37 -39
-66 9
33 17
-64 10
-21 68
-22 -52
-66 10
-14 69
8 -40
40 -34
-25 -17
-71 -3
46 -4
-59 -12
33 19
-5 49
-3 51
-2 51
35 -36
-32 -42
-66 -11
-23 66
33 16
46 -3
-29 59
46 -20
22 25
-21 -52
37 -37
-26 62
-39 -42
31 23
47 -8
-14 70
47 -3
-66 11
-71 -2
-3 -31
-50 -12
47 -2
-30 -32
-17 -53
47 -20
-23 67
-30 42
-65 -13
-24 66
-30 -51
-72 -2
-2 50
28 2
41 -34
48 -20
48 -3
-14 71
42 -29
-24 67
-40 -42
-41 -42
-31 -51
42 -34
-29 30
-30 61
43 -30
-12 69
31 22
33 15
-11 69
-21 69
-12 62
-15 71
44 -30
44 -31
-16 -52
49 -20
49 -19
-31 -52
-30 -52
-35 36
-12 70
47 -1
-37 -38
-14 -42
11 -36
48 -15
47 -7
-18 -54
-12 -41
30 26
48 -8
-24 68
37 -38
37 -39
-41 -41
-32 -52
-12 66
-4 53
-50 13
44 -24
-20 69
-16 -42
-31 61
-66 -13
28 26
9 -40
-29 -52
-33 -52
-72 -1
-71 -7
-48 -13
6 -39
36 -39
31 26
-25 68
49 -21
44 -32
-36 -38
-2 49
48 -4
48 -1
-31 -32
40 -35
48 0
-71 -1
-47 9
34 -31
-14 72
12 -36
-30 51
50 -21
-51 -12
-14 -43
-22 69
-31 62
-15 -52
9 -41
-65 11
-72 0
22 26
34 19
-41 -40
-25 66
43 -34
-65 12
45 -32
-32 -53
-31 60
-20 70
32 22
-4 54
-20 71
49 -4
-71 -4
-73 0
-66 -14
44 -25
48 -14
34 18
-33 -51
43 -35
49 -1
35 -39
-65 13
32 26
-67 11
-21 71
43 -36
-30 -53
-68 11
-19 71
-26 -17
8 -41
-23 -52
-31 51
19 26
42 -36
51 -21
52 -21
33 14
-2 48
-1 48
53 -21
-37 33
-26 66
-72 -7
-49 -13
-64 13
-14 -52
33 26
-40 -43
-22 71
-41 -43
-20 72
8 -42
-28 -52
-42 -43
-72 -8
34 -36
47 -23
-24 -52
-37 34
-33 -53
-12 67
54 -21
-11 66
12 -37
37 -40
-19 -54
-14 -53
-28 62
50 -19
44 -36
-24 69
-27 -52
-43 -43
49 0
-23 71
-13 72
45 -36
12 -38
-14 -44
-51 13
55 -21
-34 -52
12 -39
-43 -44
49 1
50 1
49 2
-11 70
18 26
-35 -52
-28 63
-14 -54
-63 13
-22 72
0 48
33 -32
-38 33
-13 -52
-35 37
-11 62
-22 73
-32 62
-73 1
33 25
53 -22
-73 -7
-67 -14
-67 -15
-59 -13
-43 -42
-65 14
5 -39
-33 62
-36 -52
-14 73
-44 -44
-3 54
29 2
-36 -53
-67 -16
-73 2
-30 -54
-33 63
34 26
49 3
-11 65
-63 14
-73 -8
49 4
49 -15
-33 -50
-73 -6
-72 2
37 -41
-66 14
49 -8
-30 -55
-67 -17
-29 -55
-36 -54
-35 38
-46 -14
23 -25
-35 39
-31 63
-66 15
56 -21
-13 73
-13 74
45 -37
-68 -17
-4 55
-1 32
-31 59
-20 -54
-34 62
-74 -8
-12 -42
-32 -32
-68 -14
50 -15
-34 63
35 19
-45 -44
45 -38
-12 -52
-12 -53
-2 54
57 -21
-66 16
-10 62
-14 74
-20 -55
7 -42
-36 -55
-45 -13
35 -40
-66 17
53 -23
-34 61
-37 -55
-44 -42
-10 70
-32 63
-44 -45
-75 -8
-68 1
57 -22
-27 66
-24 71
-45 -45
-73 -5
56 -20
-21 73
-67 -18
-74 -5
-9 70
-37 -53
37 -42
-22 74
-35 61
-38 -55
53 -24
-11 -53
50 -16
58 -22
-31 42
38 -41
6 -42
1 48
-14 -55
-14 75
-68 -16
5 -40
-14 -38
29 27
50 4
35 26
-21 74
-9 62
49 -5
-15 75
-32 64
54 -24
-46 -44
50 -14
-10 -53
-2 55
-67 -19
59 -22
-36 -56
51 4
-30 -56
59 -21
35 -41
-67 -20
35 27
-35 63
-45 -46
-8 70
48 2
-76 -8
-67 17
-12 74
-37 -56
45 -39
-36 61
-66 18
-20 74
-31 43
-37 -37
55 -24
-21 -55
-68 17
-30 -57
-23 74
-38 -56
-77 -8
33 -36
34 -41
-67 9
-32 65
58 -23
-75 -5
-67 14
-39 33
-66 -19
50 5
58 -24
59 -24
50 0
-31 5
45 -40
-12 73
-13 -55
-45 -42
-11 74
36 27
-31 -56
45 -41
-14 -56
-24 70
46 -1
-14 -57
-37 -52
-63 15
-10 -52
-15 76
-33 -32
60 -21
-18 -55
-30 43
-76 -9
-69 11
-36 60
-19 74
-69 17
61 -21
-68 -19
-45 -47
-36 59
-59 -14
59 -20
38 -42
18 27
19 27
-37 35
51 -19
51 5
-22 -55
-40 33
-76 -10
-40 -40
-46 -47
35 28
-10 74
5 -42
-24 74
-14 -58
-76 -11
4 -39
29 28
-65 -19
23 -26
-14 -59
-12 -55
51 6
-47 -47
-78 -8
-70 17
45 -42
18 28
-78 -7
61 -22
35 25
-47 -48
-38 35
-10 75
46 -40
33 -35
52 -24
-68 18
-48 -47
-67 -21
36 26
-72 3
-33 65
-77 -10
-63 16
46 -32
-2 56
10 -41
-49 -47
38 -43
47 -40
-63 17
37 26
52 6
-66 -21
59 -19
46 -42
34 -42
13 -38
-69 -16
-15 77
-7 70
-49 -48
-10 76
-68 19
-27 67
-76 -12
48 -40
55 -25
-70 -16
32 -35
-38 -57
-15 -59
62 -21
-36 63
50 -5
-66 -16
-77 -12
-68 -21
-6 70
-37 60
6 -43
58 -25
63 -21
33 -42
-8 56
-70 18
-10 77
-6 71
46 -36
-36 58
-70 19
-73 3
-69 10
-37 63
-43 5
59 -18
63 -22
-16 -59
47 -42
-49 -49
-29 -57
12 -40
-27 68
-9 77
51 7
39 -41
-24 75
-79 -7
-45 -41
64 -21
-29 -58
-45 -40
51 -14
38 26
52 -25
-24 72
47 -43
-74 0
64 -20
-68 20
13 -40
-70 -17
-49 -46
-39 -55
48 -41
-47 -49
59 -17
-24 76
36 19
31 27
-24 77
19 28
60 -24
-48 -46
33 -41
-68 14
1 49
-78 -12
35 29
22 -26
39 26
13 -41
37 19
58 -26
12 -41
-9 -52
-71 17
-69 9
-78 -13
-79 -6
-37 64
-29 -59
65 -20
40 26
36 18
-40 -55
-38 63
-71 19
-71 -17
41 26
-1 47
12 -42
-15 -60
37 18
48 -43
20 28
51 1
36 28
49 -40
-40 -56
-33 -33
55 -26
37 -43
-25 72
39 27
-14 77
59 -26
48 4
52 4
-35 -56
-80 -7
-49 -50
48 -44
65 -19
-43 -41
-79 -13
-70 -18
-2 -34
1 50
50 -6
50 7
-39 63
-30 -59
64 -22
-12 -56
-23 77
-10 78
-39 32
-8 77
-7 69
65 -22
4 26
45 -43
-23 78
-72 17
56 -26
-41 -56
59 -16
48 -45
25 28
-74 3
-1 33
59 -27
-2 57
-25 77
39 25
-50 -50
-35 -57
-78 -14
-42 -56
-28 -58
-50 -47
-80 -13
-51 -50
-8 78
-52 -50
-37 65
-7 68
-10 73
-80 -14
50 -7
-32 -56
64 -19
-42 -57
38 -44
-38 -37
34 -43
-14 -60
-27 -58
52 1
-67 -22
-80 -12
49 -44
-33 66
-26 77
52 7
61 -24
38 -45
-39 64
-41 33
-11 -56
60 -27
25 29
7 -43
-80 -8
-10 79
-81 -14
39 28
-82 -14
61 -27
-34 66
-27 69
-53 -50
-54 -50
-82 -15
-66 -22
53 4
-27 77
-54 -49
-13 -60
-75 0
-70 20
-82 -13
-39 65
51 -16
-72 16
-51 -51
-78 -15
53 5
-73 16
53 1
-38 -58
65 -23
-74 16
29 29
5 26
-45 -39
-67 20
-80 -9
-28 77
-67 -23
-51 -52
-22 -56
-83 -13
-32 41
-72 19
-11 79
-73 4
51 8
-75 -1
46 -35
50 -44
-51 -47
-75 16
-83 -14
2 48
39 29
51 -25
-30 -60
66 -19
40 29
-28 78
-28 76
-12 -60
-26 78
-23 79
49 -45
-23 80
2 49
67 -19
46 -43
-29 76
-40 63
-37 -58
-29 77
-8 -52
-42 -58
68 -19
-55 -49
65 -18
-51 -46
52 -16
40 30
-76 0
-2 58
69 -19
-81 -8
-43 -56
-12 79
-66 -23
41 30
-30 77
62 -24
-84 -14
60 -28
-39 66
52 8
50 -45
62 -25
6 -44
29 30
-11 -55
70 -19
-24 80
-23 81
70 -18
50 -46
-23 -56
-75 15
-42 33
33 -43
-31 -57
-26 -58
-76 16
-41 63
-28 79
-83 -12
-12 -61
-82 -8
11 -42
-70 21
-30 -61
-12 80
-7 77
-11 -41
-41 -58
32 -43
-31 19
-42 63
-55 -50
-28 80
-42 34
-51 -45
-51 -53
-23 82
54 1
21 28
37 20
-55 -51
-31 58
-8 79
-55 -48
48 -39
0 31
9 -32
-77 -15
-52 -52
51 -46
-29 79
-1 58
-76 -1
71 -19
41 31
37 17
72 -19
-51 -54
-77 16
-1 59
60 -29
-5 71
-32 -57
-29 -61
3 48
-56 -48
14 -40
41 29
-78 16
41 32
-15 -61
-30 78
-80 -6
-28 81
-78 17
-8 80
-84 -13
-70 22
-83 -8
17 26
-82 -16
-65 -23
34 29
-78 -16
-84 -8
30 30
42 26
39 -45
-82 -17
-30 76
-40 66
-40 67
-68 -22
65 -17
-69 14
41 33
-79 -5
-52 -54
-12 81
-39 31
48 -46
-38 -59
-34 67
-42 -59
-71 -18
-56 -49
31 -43
-6 77
-70 23
53 8
73 -19
-56 -51
-31 -61
-84 -9
41 34
66 -23
42 34
-78 -17
-66 20
26 29
52 -46
-78 18
-41 -39
-79 17
25 30
-69 12
42 35
52 -47
-23 83
-57 -48
8 -43
-66 -24
43 35
-78 15
70 -17
-12 82
-31 -62
73 -20
-75 17
-23 84
31 -44
-77 -1
-53 -54
-12 83
59 -29
70 -16
-85 -14
22 -13
-71 23
-36 57
-43 34
-79 16
40 34
-7 79
-72 23
-6 79
-17 -47
-28 69
-85 -8
-24 84
-12 84
-5 79
29 3
-28 82
-79 15
-29 82
74 -20
-5 80
-42 62
29 31
-80 17
-49 14
-43 62
-30 75
-27 82
-79 18
-10 80
73 -18
-72 24
36 -43
-49 -14
30 -44
-25 84
-12 -62
-32 51
-12 85
-79 14
44 35
75 -20
-22 81
-79 13
-53 -55
-31 -63
-86 -8
-16 -61
4 48
-28 -59
-34 -57
-27 83
-81 17
-13 83
-84 -7
-8 -53
38 -46
-27 84
-44 62
-43 -58
29 32
-12 -63
-65 20
-13 84
-80 -5
-24 85
-23 -57
38 -47
76 -20
29 33
-86 -7
-78 -18
69 -20
-7 67
4 49
-12 -64
-52 13
-85 -15
-75 18
52 -45
-1 57
-55 -47
-62 17
-4 79
-46 -43
-11 85
-82 -18
75 -21
14 -38
-77 0
-26 84
-44 61
53 -16
-38 36
-86 -15
-73 24
-57 -47
-45 62
50 -47
52 -48
73 -21
-81 -18
-83 -18
65 -16
-87 -15
74 -18
-83 -19
50 -43
29 -44
-5 81
-31 -64
-87 -14
-30 82
49 -39
39 34
53 -48
-31 82
76 -19
-87 -8
76 -18
4 50
44 36
-1 60
-73 25
-82 17
-83 -20
-38 -60
-83 -21
-71 -19
-37 61
-11 86
37 -47
-83 -22
-5 82
76 -17
-13 85
-54 -55
-87 -16
6 -45
-86 -6
-83 17
-5 72
60 -16
53 -46
-42 -60
76 -16
-42 -61
36 -47
-10 85
-84 -6
54 -46
30 33
-88 -8
-25 85
61 -29
-84 17
-5 77
29 -43
-30 83
-31 83
-66 21
-44 60
-10 86
-55 -55
-9 86
66 -24
47 -36
-82 -22
52 -49
-28 84
-4 82
44 37
-84 -5
-61 17
-28 -61
14 -41
-4 77
-88 -16
-53 -56
-85 -5
-85 -4
-52 -56
-9 85
48 -47
-43 -60
-40 68
73 -22
-12 -65
-7 -52
-7 39
-43 -61
-44 -60
-78 0
-13 -65
-73 26
-85 -3
-14 -65
54 -48
47 -47
-85 17
-31 84
-89 -8
72 -22
-82 -20
-31 78
-55 -54
76 -15
-40 31
40 35
0 58
-38 -36
76 -14
-8 85
77 -20
-11 -65
-32 84
-85 -2
-66 -25
39 24
-82 -23
66 -16
-25 86
46 -47
-73 23
-3 82
-41 67
-40 69
-89 -7
38 -48
55 1
75 -22
-11 -61
51 -7
-10 -65
-82 -24
43 26
-6 -52
75 -15
-3 79
-10 -66
-43 35
-2 82
44 38
-37 -60
-43 -62
45 38
52 -50
46 38
-9 -66
-33 84
-4 83
-12 -66
-58 -48
54 8
-4 71
50 -1
77 -14
-73 27
46 39
-7 85
43 25
-1 82
-55 -56
-74 4
0 82
31 -45
43 38
-56 -56
-89 -6
-38 -61
55 -48
-15 78
-85 18
34 30
-44 35
-14 85
-37 -61
44 26
-46 62
-59 -48
42 38
14 -42
51 -5
-25 87
45 36
-84 -21
-59 -15
-89 -16
-25 88
54 -45
1 82
31 -46
-14 -64
-31 76
-5 76
56 -48
-13 86
44 34
-44 -62
-12 -67
-15 -65
-78 19
-57 -56
-12 -68
-44 59
78 -20
78 -14
6 -46
-8 -66
-12 -69
-25 89
-58 -56
-8 -67
36 -48
-44 -56
-43 -63
36 -46
46 37
57 -48
10 -30
47 37
45 34
-66 -17
-46 61
-44 36
52 -7
-90 -7
-11 -69
79 -20
-59 -47
-31 -65
46 -48
22 -22
-56 -54
2 82
-32 -63
-37 -62
78 -21
57 -47
54 7
-85 19
-89 -9
-34 84
-26 89
-32 78
-11 -70
51 -50
5 -46
58 -48
60 -30
-90 -16
-47 61
-90 -6
-7 -67
-86 19
1 51
-90 -5
-13 87
-89 -10
46 40
39 -42
-13 -68
45 -48
46 41
-87 19
-44 -63
-56 -57
37 -48
-10 -70
-15 -57
-43 -64
-35 84
-48 61
-90 -17
-41 64
44 -48
47 41
-79 12
-36 -62
-90 -9
47 42
40 -3
-56 -58
38 34
48 37
-13 88
47 43
2 81
-84 16
-35 85
42 39
-85 20
59 -48
-41 69
-90 -4
-13 89
52 -44
-85 21
-27 89
-25 90
-90 -15
5 48
-44 -64
-5 -52
-25 91
50 -50
-36 84
-85 -1
28 33
48 43
-37 -63
-85 -21
-64 -23
-26 91
77 -18
-91 -7
-51 -56
-85 -22
-84 15
-76 1
66 -25
46 34
44 27
54 9
54 10
-59 -56
-90 -3
-88 19
31 -47
-16 -65
-89 19
-81 -19
-74 27
-17 -65
-8 -54
-7 86
49 43
30 -47
-89 -11
-5 55
54 -49
-86 -22
-26 92
-38 37
43 24
-45 35
45 -49
-91 -16
-72 27
-74 26
2 83
-85 22
-41 68
-51 14
-24 91
49 -50
-88 18
-13 90
-37 84
-37 -64
-10 -61
62 -29
-44 58
-90 19
78 -13
-37 85
37 34
55 -49
78 -22
-27 85
-81 -24
48 38
-86 -23
-33 -63
-9 -61
-33 78
52 -51
-70 24
-41 70
55 8
47 44
-44 63
-75 27
3 83
-3 71
-88 17
49 38
76 -13
-91 -3
-23 91
6 -47
28 -44
1 81
56 8
-23 -58
-35 40
-89 17
-92 -3
-81 -22
-23 92
-36 85
60 -31
78 -23
-45 -38
61 -31
48 -50
36 -49
-10 -71
79 -13
-14 -68
-43 -65
-45 -64
4 83
62 -31
80 -13
-90 20
-14 -69
-80 -24
-9 -70
-92 -16
-38 85
80 -12
-42 70
56 1
-48 62
-87 -23
43 -48
52 -43
-92 -2
-42 67
-60 -48
-26 93
-38 86
4 -46
-45 -65
-55 -46
-71 27
-45 -66
80 -11
-90 -10
4 84
55 -50
-85 23
-60 -47
-81 -25
-91 19
-88 -23
-23 93
78 -18
-10 -72
-92 -15
-14 90
-67 -25
52 -52
-46 -64
-26 94
-26 95
-69 -22
4 85
-42 71
49 37
-59 -55
28 -45
-93 -16
-65 21
-5 73
-38 87
76 -12
-89 16
79 -21
-86 -24
-38 88
5 -47
75 -23
47 45
-43 71
80 -10
-91 -10
-9 -60
-94 -16
-27 94
49 44
57 8
-93 -2
36 -50
-86 -3
36 -51
-46 -66
-26 96
-45 58
4 86
-9 -72
-89 -23
5 85
37 -51
62 -32
3 81
-46 -67
52 -53
-92 -4
81 -11
-38 89
-43 72
-86 -25
66 -26
-14 -63
50 37
78 -24
80 -20
-31 -66
59 -47
-86 23
36 34
78 -25
60 -48
-60 -55
-32 85
61 -48
43 23
-39 88
-94 -15
-23 94
-86 24
-84 -1
-51 -44
5 86
-44 72
79 -18
-8 -72
-26 97
5 87
-6 -53
-91 20
-92 -1
-92 0
72 -23
-14 91
62 -48
5 88
36 35
-28 94
4 27
-30 -66
-90 21
3 86
-76 27
-93 0
28 -43
-46 35
40 36
-43 73
43 39
-22 94
-92 19
82 -11
-94 -17
-43 -66
-92 -10
52 -54
49 45
-51 -57
-61 -55
-9 -73
-87 24
47 -50
60 -49
-44 57
-45 72
-86 -26
63 -48
-90 22
-22 93
-9 -74
42 23
43 40
-28 89
-7 -72
-9 -62
42 29
49 36
-56 -59
80 -19
6 85
63 -32
-9 -75
79 -25
56 0
-39 89
63 -49
-9 -76
-5 70
-84 -19
80 -25
62 -33
-22 95
-22 96
-62 -55
-90 -23
46 33
49 39
-62 -54
0 57
52 -55
57 1
58 8
3 80
38 -51
58 1
-27 97
-95 -16
-91 -23
-47 -66
5 89
-14 -70
-25 97
-7 -73
-11 -57
-15 -68
50 45
-94 -2
-91 21
-49 62
6 48
81 -13
-81 -26
62 -47
55 -51
80 -9
51 45
59 8
-45 73
-70 27
4 80
-57 -59
56 -1
-28 95
81 -25
81 -9
55 10
-45 57
-43 -67
-5 -53
63 -50
-96 -16
51 -55
-79 19
-77 27
64 -50
-85 24
80 -8
-49 61
-50 62
5 90
53 -55
6 47
4 90
-48 63
52 -56
-91 0
-29 94
-94 0
-51 62
-12 90
53 -54
80 -7
-11 -72
18 29
-86 25
36 -52
56 -51
82 -25
6 87
47 46
62 -46
-94 1
-43 -68
-28 96
-80 -26
-36 -64
-56 -60
51 37
-91 18
-95 0
53 -56
43 -49
-21 96
-43 -69
52 45
-93 19
-51 63
-43 -70
-30 -67
58 0
-93 18
-12 89
-37 -65
6 90
47 33
-52 62
63 -33
58 -1
-43 -71
-20 96
-21 97
-43 -72
-86 -27
5 80
-96 0
-86 26
81 -19
-56 -61
82 -26
64 -51
-40 88
-94 19
7 90
26 30
-6 -67
-44 -72
-29 -67
-48 -66
53 -57
-93 20
-45 74
-58 -59
78 -26
-92 -23
-57 -61
46 46
-23 96
-46 -39
5 91
-59 -59
-87 26
-6 -68
82 -27
-6 -73
-88 24
-81 -27
-42 -71
-7 87
83 -25
-95 19
-87 27
-26 98
-8 -76
53 -58
-75 28
-94 2
-15 91
-59 -60
50 8
-46 57
34 -44
-60 -60
-88 27
-95 -15
4 51
82 -10
7 91
-21 98
-12 91
62 -45
52 44
-96 1
-51 64
7 89
-62 -56
71 -20
82 -9
83 -9
62 -44
-78 -19
-6 -69
54 -58
-41 88
-62 -57
-96 19
4 79
-63 -56
-21 99
78 -27
-1 61
-71 28
8 90
-97 -16
54 -55
82 -19
64 -49
55 -55
7 85
82 -13
-96 20
-91 22
52 37
14 -43
-89 15
-21 100
-9 -77
55 -58
56 -58
0 61
9 90
-6 -66
-22 100
82 -28
-92 -5
-95 -2
80 -6
-81 -28
57 -58
-91 23
53 -59
-12 -72
-29 -68
56 -59
83 -19
81 -27
9 91
9 92
-87 -27
-63 -57
46 47
-96 -1
60 8
9 89
7 92
46 48
-48 -67
50 46
72 -24
10 89
77 -25
35 -51
-18 -65
-93 21
-51 61
-27 98
54 11
-64 -56
-42 72
-26 99
-89 27
11 89
-89 28
44 -49
83 -10
83 -27
-63 -58
-39 90
-82 -26
-8 -77
-8 -60
-96 18
-92 -24
-19 96
7 93
-53 62
-17 -61
38 -52
82 -24
-97 -17
-90 28
-8 -78
7 86
-94 3
-97 1
28 34
64 -52
-87 -28
77 -27
51 -53
56 -60
-97 18
-18 96
61 -49
-41 -71
-36 86
-28 -68
-45 -72
84 -25
65 -50
-46 -72
-6 -54
-89 26
5 51
-97 2
-88 -28
-67 -26
7 94
84 -27
-51 60
-63 -59
84 -9
-81 -29
55 -1
-42 88
-42 73
11 90
-53 61
-51 -58
84 -28
-81 -30
58 -58
8 85
84 -29
-93 -23
-68 -25
-77 26
85 -29
-23 100
81 -6
-20 100
-60 -61
-90 26
-97 -18
-39 85
-98 18
-2 71
-97 17
7 95
-46 72
-89 -28
64 -33
-42 89
-98 1
-39 91
7 96
-93 -22
47 32
-19 -65
84 -30
53 11
-80 -30
-14 -71
-21 101
-90 15
-63 -54
-94 -14
8 96
12 89
62 -43
53 44
84 -19
64 -53
56 10
-42 -72
83 -8
-49 -67
-5 -66
-63 -60
-7 -76
-68 -26
85 -9
-43 88
-65 -56
-97 -19
65 -53
65 -33
-96 21
79 -6
9 85
-28 98
53 45
-47 -72
42 -49
12 88
-18 97
-98 19
81 -5
-80 -31
59 1
-64 -59
80 -21
-19 100
-90 -28
84 -31
-6 -76
-60 -62
-95 -3
-99 18
63 -44
-53 60
61 8
55 -60
13 89
-100 18
50 -55
-8 -79
-43 89
55 -61
-89 -29
-7 -79
-100 19
-63 -53
-91 28
55 -62
-22 101
-66 -56
-98 2
35 -50
-99 2
83 -13
46 49
-23 101
82 -5
50 47
86 -29
-6 -75
10 92
9 96
-99 19
-63 -61
-7 -60
-60 -63
11 92
66 -53
-100 2
64 -48
-48 -72
-92 -25
10 96
-91 -25
-12 -73
79 -5
-24 101
36 -53
-67 -56
86 -28
-90 -29
-81 -31
10 97
14 89
-101 2
-6 -60
54 44
83 -31
56 -62
6 95
-93 17
-63 -62
54 -62
53 37
11 93
-88 -29
54 -63
-63 -63
53 -62
-6 -59
-40 -71
-92 -26
-92 28
86 -30
-42 -73
66 -54
-92 23
-39 92
-18 100
86 -27
-96 22
-60 -64
47 49
-99 17
84 -24
84 -20
-39 -71
-88 -30
15 89
-98 -19
-98 0
15 90
7 97
78 -6
-53 59
60 1
-12 92
-27 -68
-96 23
-98 -16
-46 34
67 -53
79 -4
-93 -5
-40 90
-89 -30
-5 -59
-24 102
84 -13
-25 102
87 -28
87 -30
-98 -15
-24 103
-44 88
54 -64
85 -13
66 -50
-80 -28
-60 -65
86 -9
-100 20
-25 103
-41 -73
-98 -1
-91 -29
65 -48
-100 3
78 -4
53 38
-92 29
-93 -26
-79 -31
-38 92
-5 -69
58 -2
84 -23
-97 22
38 -53
88 -28
-6 -70
-7 84
-54 61
67 -54
86 -26
-45 75
15 91
82 -4
-42 74
-9 -78
-12 93
-26 100
-7 -80
-55 61
58 -57
-26 101
-74 23
-25 104
50 48
87 -9
-89 29
44 23
-98 22
39 -52
-36 40
-39 93
-17 97
-80 -32
-27 101
80 -4
54 38
16 89
-92 -29
-61 -65
-40 93
11 96
83 -4
-92 -30
-67 -55
54 -65
-6 -79
-64 -61
59 -58
53 46
59 -59
3 87
-85 0
86 -8
-41 -74
89 -28
-61 -66
-99 22
-57 -46
-99 0
13 90
57 10
53 -64
-90 14
54 39
-100 0
-99 23
-76 28
-7 -81
-40 92
4 91
82 -31
-23 103
84 -32
-101 19
-101 1
-92 -31
-7 -82
39 -53
-39 94
-6 -81
-38 93
-100 4
-96 -3
-44 87
-86 27
-94 -23
9 84
-14 -72
-29 -69
-39 95
-87 -30
-19 -66
-44 -73
12 96
-68 -56
-101 18
89 -27
-29 -70
-97 -20
-80 -33
67 -55
-38 95
-47 72
-22 103
-14 92
-64 21
56 -63
-44 34
89 -29
-79 -28
52 -64
-39 -72
-92 30
-7 -83
-11 92
-6 -71
-14 -73
-12 94
50 49
-94 -26
-64 -63
-41 93
47 -51
-32 -65
84 -33
88 -9
-99 -15
51 -64
85 -23
-99 -14
-46 -68
10 98
89 -30
-22 104
89 -9
-17 100
11 98
81 -31
45 48
90 -9
-44 75
66 -55
-77 28
-100 17
-75 29
6 97
-38 96
-45 87
68 -55
-94 -27
-79 -33
-41 92
12 92
-5 -73
69 -55
-100 23
-50 -58
50 -54
51 -65
9 98
54 40
55 -65
69 -54
3 91
59 -60
-43 57
54 -66
-22 105
-92 31
69 -56
9 99
85 -33
-25 105
-17 99
13 96
-99 -16
-102 19
-5 -76
-61 -67
85 -20
-93 31
17 89
-39 -73
17 88
-14 -74
-101 4
78 -3
-95 -27
81 -32
-68 -55
-2 70
-68 -57
-8 -80
70 -56
55 44
-25 106
89 -26
-103 19
84 -4
49 -54
-6 -61
88 -26
-38 -71
-6 87
-8 -82
66 -33
-99 24
-8 -83
11 99
90 -10
18 88
-41 94
-16 100
-26 105
-48 -73
17 90
90 -30
4 78
-21 105
-4 -52
54 46
-98 -20
34 -51
-21 106
-28 101
-95 -28
-82 -31
69 -53
35 35
-44 -74
11 100
-101 23
60 -60
71 -56
14 96
83 -33
72 -56
72 -57
9 83
-42 94
30 34
-93 29
-25 107
54 -67
-95 -26
-26 103
-46 75
91 -9
-31 44
90 -27
91 -27
-94 29
80 -32
-70 -22
34 -50
78 -2
18 90
-103 20
12 99
-11 94
-91 31
89 -31
-46 87
-6 -82
59 -2
5 97
91 -10
55 -67
-102 23
72 -58
66 -48
-6 -83
-9 -83
-92 32
51 -66
5 98
-69 -55
46 50
-47 87
-95 23
-99 -13
-27 103
-54 62
-41 95
51 -67
-80 -34
-21 107
-103 23
80 -3
92 -27
-5 -81
-65 -63
-48 -74
-9 -84
92 -26
-42 -74
54 41
73 -58
-38 -73
-60 -67
78 -7
73 -59
-95 29
-44 -75
74 -58
-39 96
-101 17
-49 -74
-44 -76
-44 37
61 1
74 -59
2 91
-11 95
-5 -80
-68 -58
55 38
-40 96
-15 100
-66 -63
-87 -31
79 -32
-99 25
93 -26
18 91
-15 101
-86 28
17 87
-55 62
-10 95
87 -8
50 -64
-41 96
-6 -84
-67 -63
-95 -29
-92 33
-10 -77
48 49
-6 -85
72 -59
9 100
-92 34
-69 -58
72 -55
-27 105
-53 58
35 36
9 101
-100 -1
-5 -85
46 51
51 -68
-94 31
-60 -68
-104 19
73 -56
-102 1
6 80
-97 3
-25 108
75 -59
-40 97
-45 -76
-40 98
-50 -74
-42 96
-47 71
-44 89
6 49
-5 -60
-16 101
-7 -85
12 100
94 -26
-7 -86
-5 -86
-99 -20
-99 26
17 86
-100 -13
-15 -74
-7 -87
95 -26
19 90
-96 -26
-25 109
76 -59
-14 101
46 52
-100 -20
-27 106
-4 -60
-103 24
75 -58
-64 22
-15 102
91 -8
-95 31
-50 60
73 -60
-79 -27
-81 -34
84 -5
89 -32
89 -33
19 88
49 -64
91 -11
-7 -88
89 -34
57 -62
-8 -88
-92 35
-7 -89
-78 -31
-100 -15
-41 -75
95 -27
78 -1
-40 99
96 -26
89 -35
54 -68
-41 99
8 101
-70 -55
-102 2
84 -3
-44 90
-94 32
-43 96
-25 110
-85 26
-25 111
-48 87
9 102
51 49
75 -60
91 -12
-4 -66
-27 104
20 90
-4 -73
-71 -55
-101 -15
92 -8
-28 105
-44 96
81 -3
-40 100
-104 18
-40 101
95 -28
-9 -88
-92 -32
46 53
3 92
-26 109
-6 -89
72 -60
-72 -55
1 61
-73 -55
-10 -88
-26 111
-5 -89
72 -61
-104 17
77 -1
1 91
-9 -89
-101 5
-65 -64
29 -47
-49 87
-73 28
-25 112
7 48
-101 -20
15 96
96 -27
-13 101
77 -59
-101 -21
10 83
-104 24
10 102
78 -59
-103 2
-4 -86
-96 -28
-67 -64
52 49
-50 87
96 -25
75 -61
50 -68
73 -61
-102 -15
31 -48
74 -61
-93 35
-59 -68
45 27
96 -24
-40 102
-27 109
-94 33
-9 -90
10 103
79 -59
77 -28
96 -23
-29 101
-37 -73
-102 17
-97 -26
-92 36
-94 35
-11 -88
-97 -28
-98 -28
-45 90
-67 -65
-104 2
10 82
89 -36
-69 -26
-72 -54
-25 113
92 -11
90 -36
89 -37
-93 -32
11 103
92 -7
-3 -86
52 50
-12 101
-24 109
79 -60
56 38
-91 36
53 49
73 -62
-4 -67
16 96
-105 19
56 -67
7 101
82 -3
77 0
-70 -58
-27 111
-55 63
-102 -20
92 -6
45 53
20 91
92 -5
-97 4
93 -11
56 44
52 51
54 -69
97 -27
5 52
6 101
-49 -68
-102 -21
79 -61
-93 -33
10 104
-41 -76
-59 -69
-105 17
-45 -77
-46 -42
-96 24
9 103
-105 24
10 105
97 -23
-68 -65
-6 -90
97 -24
-41 -77
-49 -75
86 -23
91 -36
49 -68
-13 102
-59 -70
-45 96
-28 111
-56 61
10 106
54 -70
77 -2
-56 62
-10 -90
36 -54
-46 96
56 43
-20 105
53 51
73 -63
57 11
-99 -28
57 43
89 -38
-4 -81
-64 -64
96 -28
18 92
-41 102
-102 24
-30 101
-41 31
-98 -26
-40 103
97 -22
19 92
98 -22
-42 102
-9 95
80 -61
93 -5
-50 -75
5 101
-98 -18
71 -60
-68 -66
54 -71
-48 71
54 -72
10 107
10 108
-16 -74
58 43
-8 -90
55 -71
97 -28
81 -61
92 -12
73 -64
98 -27
53 -72
-38 97
-25 114
20 88
-45 97
20 87
-82 -32
-101 6
-46 76
-103 -15
99 -22
-30 102
84 -2
-51 -75
93 -4
-50 86
-95 33
-49 88
-28 109
-55 64
-106 19
-36 -73
-29 105
-24 114
20 92
-6 -91
21 92
-106 20
92 -4
-82 -34
53 50
-47 96
53 -73
-40 -77
-100 26
12 103
-16 -75
-5 -88
60 9
54 47
-105 2
-106 18
-68 -67
52 -72
-99 -29
47 53
20 86
86 -20
-51 86
75 -57
62 1
11 108
-51 65
-57 62
22 92
-23 114
58 42
-105 25
-3 -66
78 -61
84 -1
-100 -28
-69 -66
-106 24
8 48
54 51
-61 -68
99 -27
94 -5
6 -48
-106 2
100 -22
-73 -56
-106 3
-103 -14
20 85
-94 -32
95 -29
89 -39
-29 109
90 -39
-23 115
-22 115
-47 97
51 -69
-68 -68
-69 -68
-4 -61
-102 6
-107 19
56 -65
93 -8
-49 89
-75 30
99 -28
-107 2
82 -61
-52 86
-7 -91
100 -27
57 12
89 -40
59 43
9 108
-72 -53
-107 20
-29 111
-92 37
29 -48
-21 108
-106 25
95 -5
96 -5
-45 -78
-51 87
-103 -13
92 -36
-45 -79
11 107
-92 38
-2 -86
-103 -12
-40 104
78 -58
-12 102
-29 112
-6 -92
47 54
-44 38
-100 -29
-104 -13
-105 -13
-98 26
-50 -76
-106 23
21 85
49 -63
-83 -34
-92 39
80 -33
51 -72
22 91
-61 -69
93 -36
76 -57
-49 90
-88 29
-95 -30
60 43
12 108
93 -12
-46 -78
-107 23
20 84
36 -55
-51 88
-95 35
-51 89
97 -5
-96 35
60 10
-30 -70
-70 -68
-108 19
-20 107
-54 58
84 0
-25 115
81 -60
23 92
21 86
20 83
-57 61
24 92
-87 -32
72 -64
24 93
89 -41
-67 -54
-108 2
92 -3
-12 103
63 -53
74 -64
-108 23
91 -39
-49 91
57 38
-26 115
58 12
-40 105
101 -27
-61 -70
85 0
13 108
80 -18
90 -11
100 -21
101 -26
-2 -87
48 -63
-70 -66
-71 -66
-98 17
-59 -71
-100 -30
-99 -12
-26 116
-106 -13
13 103
55 51
16 97
94 -36
-107 25
-30 112
57 -67
-11 -89
5 102
-10 -91
56 51
-23 113
-5 -91
-106 -14
-54 57
44 48
-103 -21
-10 -92
-75 31
98 -5
79 -62
35 -55
-20 108
-107 18
82 -62
-47 -78
-1 -87
56 52
-43 102
99 -5
-4 -91
-52 87
-12 -88
53 -74
56 -71
0 -87
90 -32
90 -41
-21 115
56 50
-52 -75
-102 -12
-88 -32
58 41
-57 63
-51 90
-21 114
-47 98
22 86
-11 -92
5 96
-28 112
-41 105
-108 3
-108 1
-107 -13
-19 108
-17 -74
56 53
-42 105
-52 -76
40 -53
91 -3
-3 -91
99 -29
-71 -58
-91 39
-5 -92
-44 -79
94 -35
-98 27
-44 102
-74 -56
-44 39
100 -5
72 -65
72 -66
-16 -68
100 -6
-101 7
35 -56
-61 -71
-74 -57
13 109
13 107
-58 62
52 -74
100 -26
-50 85
24 94
83 -62
84 -62
-55 57
48 54
49 54
98 -29
-46 74
-109 19
94 -37
-101 -30
-50 -77
100 -23
-42 106
14 107
80 -2
-29 113
-107 -12
-50 -78
-24 115
-27 116
80 -62
-68 -69
-30 111
86 0
101 -6
-20 115
-101 -28
-55 65
13 110
-39 -77
1 -87
85 -62
83 -63
-90 39
-3 -61
84 -34
-3 -92
-101 -31
-6 -93
-43 106
19 93
-109 2
101 -23
-21 116
53 -75
-47 -79
100 -20
72 -67
-68 -70
-73 -53
-96 33
-21 117
99 -6
-104 -21
102 -27
-101 -32
-10 -93
-110 2
77 1
-104 -22
76 0
2 -87
-89 39
-3 -73
-11 103
-92 40
-71 -68
-20 117
-44 106
-49 71
61 10
102 -6
94 -8
86 -62
-80 -35
-53 86
86 -63
-74 -58
-108 25
81 -59
-55 66
-111 2
-109 25
69 -57
-102 -32
54 -74
57 53
57 -68
95 -35
100 -4
-12 -92
24 95
-19 117
24 96
103 -6
-11 -93
-47 75
35 -57
-7 -93
-13 -92
90 -42
48 -68
-103 -11
95 -36
-7 -94
58 -67
55 -74
-51 -78
83 -64
84 -64
-111 1
-50 84
-71 -65
-49 72
-2 -61
-48 98
-48 99
85 1
84 -65
-92 41
-22 117
53 -76
-54 86
101 -21
-67 -70
-13 -91
-61 -72
-49 -78
-8 -94
92 -2
-11 -94
55 -75
-45 106
-6 -94
85 -65
93 -2
57 -69
57 52
85 -61
-47 -80
-46 106
103 -7
11 109
100 -19
87 -63
79 -1
-18 117
2 -88
-90 40
-45 107
-29 114
90 -43
-52 90
4 101
79 -63
-6 -95
-98 28
-28 116
84 -66
-100 27
-54 56
-111 0
-8 -95
-92 42
87 -64
35 -54
88 -41
-52 -78
-95 -32
11 110
-53 -76
-53 90
84 -67
48 55
72 -68
-6 -96
13 111
-110 19
-17 117
-93 -34
-2 -85
-16 117
90 -44
104 -6
14 110
-108 22
100 -18
-108 -12
104 -7
-106 -15
90 -45
57 54
-55 67
83 -67
-104 -23
3 -88
-106 -16
-55 68
-45 108
-98 29
91 -45
24 97
82 -67
-108 21
-102 -30
-7 -96
-101 -33
-13 -88
-18 118
-108 4
-46 105
-101 -34
101 -18
-47 99
15 107
-95 -33
0 -1
0 -2
-1 0
0 1
0 2
-1 2
-2 2
0 3
1 3
-2 0
1 4
-3 2
-4 2
-4 3
1 -2
1 -3
2 -2
1 -4
1 -5
2 -5
3 -2
0 -5
-4 4
-1 -5
-5 3
2 3
-4 5
4 -2
5 -2
-4 6
-6 3
2 4
-4 7
-3 0
2 -6
3 -1
3 -5
1 5
-6 2
1 6
-1 -6
-7 2
-4 0
3 3
-4 8
4 3
-7 3
3 0
1 7
-5 8
-1 -7
-8 3
-5 0
5 -3
-2 -7
-2 -8
6 -3
-2 -9
6 -4
-1 -8
-9 3
7 -3
8 -3
2 7
-2 -5
-5 9
-2 -10
-4 9
-1 -10
1 8
-6 8
5 3
3 -6
-6 7
4 -6
6 3
-10 3
-7 8
1 9
3 7
9 -3
-3 -7
7 3
0 -10
1 -10
-11 3
3 8
-3 -9
7 4
10 -3
-11 4
10 -4
-11 5
4 8
-8 8
-12 4
8 3
7 5
-3 -5
-11 6
-9 8
8 -4
3 9
10 -2
7 6
2 -10
5 8
3 10
11 -2
11 -3
-4 10
3 11
-3 9
3 -10
-1 -11
-9 9
-11 2
9 3
-13 4
-9 10
4 -10
-12 6
-14 4
7 7
4 -11
-4 -9
10 3
-2 -11
-10 10
-10 11
11 -4
-2 -12
-15 4
6 8
3 12
8 -5
8 7
-3 -12
-3 10
12 -4
-11 11
-11 7
12 -3
4 -12
-16 4
13 -3
-4 -10
4 -13
9 7
-16 3
3 13
-3 -13
-4 -13
4 13
-12 11
2 13
12 -5
2 14
-5 -9
12 -6
-17 4
-18 4
-13 6
10 7
-3 -14
-5 -13
1 14
11 -6
4 14
13 -6
4 15
10 4
1 15
1 10
5 -12
14 -6
-12 12
-2 -14
14 -3
-19 4
6 -12
5 15
-10 12
-1 -12
15 -6
0 14
-13 7
-16 2
-13 8
-12 13
-20 4
1 16
16 -6
-12 14
12 -2
-17 2
5 14
16 -5
5 16
-12 15
-20 3
17 -6
-20 5
18 -6
-6 -9
5 17
-21 3
-21 5
5 18
14 -2
19 -6
-22 3
14 -1
-23 3
2 -11
18 -7
0 -12
4 -14
6 16
-7 1
20 -6
20 -5
-7 -9
18 -8
-4 -14
6 17
20 -4
-2 -15
4 -15
4 -16
-6 -13
5 -14
-12 16
-16 1
4 18
-2 -16
21 -4
-3 11
5 19
-12 17
-21 6
0 16
-23 2
-14 6
-23 1
19 -8
-11 1
-22 6
-10 13
9 8
-13 12
18 -9
-24 1
-19 5
-2 -17
-24 3
10 8
-8 -9
1 17
20 -8
5 20
-2 -18
-25 1
5 -16
14 0
15 -3
-17 1
-24 4
-13 16
6 15
13 -7
-9 13
-10 1
-2 -19
19 -4
20 -9
-13 17
-25 4
4 -17
6 -14
21 -6
-14 7
18 -10
11 8
20 -10
10 9
-26 4
-27 4
21 -9
6 14
-28 4
-29 4
12 8
-14 17
-30 4
13 -8
-14 18
-27 3
-3 12
12 9
4 20
20 -11
-3 -19
-14 12
-26 1
11 -7
-14 16
-2 -20
-15 12
1 18
-9 -9
20 -12
-3 -20
-2 -21
-27 1
21 -12
-28 1
-13 18
22 -9
5 21
12 10
-4 -20
-14 19
22 -12
23 -12
-6 -14
-13 19
-1 -18
12 11
-15 17
-24 0
-13 20
-14 20
5 22
22 -13
-16 17
-2 -22
-15 19
-3 -22
-4 -22
22 -4
23 -4
-5 -22
-17 17
-17 18
13 11
6 22
14 11
24 -4
3 20
-30 5
-23 0
-6 -22
6 23
-28 0
-29 0
-17 0
-22 0
23 -13
22 -14
4 22
-13 21
-31 4
-29 3
21 -14
11 -8
7 23
-24 -1
-13 22
25 -4
19 -12
17 -10
24 -12
19 -13
23 -14
23 -15
23 -16
4 23
-25 5
26 -4
-30 6
-1 -21
23 -17
-2 -23
27 -4
19 -14
-10 -9
24 -17
-4 -23
7 22
-13 23
24 -13
-25 -1
-7 -22
-30 7
12 12
-12 20
-11 -9
-12 -9
4 24
3 24
-15 20
12 13
23 -18
-13 24
-31 7
6 24
28 -4
7 24
-31 5
14 12
-29 2
-18 17
22 -18
-32 7
12 14
29 -4
4 25
-4 -24
-31 3
22 -19
-11 17
-1 -23
22 -20
-16 12
-30 0
12 15
23 -19
23 -3
-32 3
-13 25
24 -11
21 -3
-33 7
-14 25
-17 12
-30 -1
-12 25
25 -3
-6 -12
-1 -24
-11 20
-31 -1
-15 21
-32 -1
13 9
-33 -1
-34 7
-34 8
8 24
-34 -1
-16 20
15 12
-18 18
18 -14
0 -24
-33 8
21 -20
1 -24
-6 -21
-17 20
29 -5
-33 3
13 15
-35 8
-5 -24
-25 -2
-35 9
23 -20
15 13
6 25
7 25
20 -20
25 -13
24 -18
4 26
-36 9
30 -4
-10 20
9 24
22 -21
-35 -1
-35 10
31 -4
24 -20
15 14
16 12
13 8
-4 -25
24 -21
25 -11
16 13
-17 21
-17 22
17 12
-17 23
12 16
19 -20
-35 11
13 16
6 -16
18 12
-11 21
-12 -10
23 -2
7 21
25 -18
-15 25
-32 -2
32 -4
-13 26
-16 25
-19 18
-17 25
32 -5
-36 8
-36 10
-12 26
30 -3
21 -21
-18 22
-26 -2
-9 20
21 -22
4 27
-4 -26
8 25
23 -1
8 21
-35 12
-8 -22
-18 12
-35 13
9 23
18 -20
-34 -2
1 -23
-32 -3
26 -18
-34 3
-35 14
-19 22
25 -21
30 -2
7 26
-36 7
0 -18
14 9
-36 -1
24 -22
-36 12
-13 27
3 27
24 -1
-36 0
-37 10
24 -23
-37 -1
26 -21
8 26
10 24
11 24
-26 -3
23 -23
-18 25
-8 -21
-35 15
23 -24
-34 15
23 -25
-20 22
-5 -26
-32 -4
33 -4
11 25
-38 10
4 -18
-13 -10
-34 16
-21 22
34 -4
30 -1
24 -25
-39 10
-32 -5
3 28
2 28
-19 25
-21 21
-4 -27
9 21
-34 -3
19 12
20 12
-12 27
-35 -3
30 0
22 -25
-4 -28
-19 26
21 -23
3 29
35 -4
-38 11
1 19
32 -3
-34 4
-11 -10
25 -25
36 -4
-40 10
-36 -3
0 -25
34 -3
-39 11
-8 20
28 -5
37 -4
2 29
-36 -4
-26 -4
38 -4
2 30
-41 10
2 31
39 -4
-4 -29
-18 26
40 -4
8 27
0 -26
-9 -22
-20 26
9 27
-41 11
40 -5
22 -26
41 -4
-4 -30
-5 -30
-17 -1
40 -6
-13 28
2 32
-38 12
34 -2
-6 -30
40 -7
17 13
42 -4
40 -8
-21 26
-38 -1
-6 -26
-41 12
8 28
21 -26
-39 -1
36 -3
9 20
-37 7
-17 -2
25 -23
1 32
11 26
-20 27
41 -8
-20 28
6 -17
-13 29
-9 -23
-37 -3
-38 -3
2 33
30 1
41 -9
-42 12
20 13
-17 5
19 13
2 34
-39 -3
-43 12
42 -8
42 -5
24 -26
20 -22
18 -21
38 -3
-3 -30
20 14
22 -27
7 -17
21 14
-10 -23
24 -27
20 -26
30 2
41 -10
-22 26
17 11
-22 22
-20 29
-19 29
21 13
-38 0
-36 15
30 3
17 -20
43 -5
-40 -3
42 -7
3 34
42 -10
17 14
-20 30
39 -8
-38 -4
-33 16
3 35
-3 -31
-17 -3
12 26
-11 22
23 -27
1 34
26 -25
0 34
0 -27
3 36
-31 -4
-6 -31
-26 -5
20 -27
-40 -4
4 36
43 -7
9 28
-5 -31
23 -28
24 -28
1 -27
-5 -32
42 -11
4 35
-12 29
-33 -5
-11 27
-34 -5
-35 16
43 -11
0 35
44 -11
3 37
-18 -1
-40 9
-18 -3
3 38
41 -11
31 1
-3 -32
-21 30
-42 13
-35 4
41 -3
-3 -33
44 -7
-1 34
-26 -6
-31 -5
43 -12
38 -2
-12 -11
-11 -23
21 12
-26 -7
-38 7
-3 -34
-23 26
-40 -5
-23 22
-12 30
3 39
10 28
22 -28
0 -28
-39 0
-39 -5
-6 -32
-36 -5
-41 13
3 40
-14 29
-7 -32
-37 -5
2 38
-40 -6
44 -10
21 15
1 38
-40 -7
-40 -8
-44 12
-35 17
3 41
-35 18
24 -29
-40 -9
-44 11
21 16
18 -22
-3 -35
-7 -33
45 -7
45 -6
45 -8
26 -13
-42 14
43 -13
-44 13
30 4
-35 19
12 27
-36 18
22 16
-7 -26
-7 -34
4 41
15 0
-8 -33
23 16
11 28
-44 14
-11 -24
8 -17
2 -27
24 16
-42 10
-7 -35
44 -12
-31 -6
46 -7
43 -4
-3 -36
0 36
41 -2
-36 16
-23 27
-45 14
45 -10
-15 29
-2 34
26 -26
4 38
-40 -10
-12 31
-2 -33
27 -21
-40 -11
26 -27
31 4
27 -18
-9 -33
-40 0
11 29
46 -10
1 39
-15 30
0 39
-11 30
46 -6
2 41
42 -13
14 16
-14 30
-3 -37
39 -9
-14 31
2 -24
45 -12
17 -22
-9 -32
-3 -38
-14 32
-41 -5
-41 -11
-10 -33
-20 31
29 4
-46 14
-11 -33
11 30
32 4
13 27
21 -28
47 -10
-42 -5
-1 39
-1 40
-43 -5
-44 -5
-44 10
-31 -7
-15 32
-26 -8
25 -29
-21 31
-12 32
28 -21
-13 32
-11 32
4 42
-1 41
16 -22
48 -10
-34 18
-41 -10
31 5
-37 18
24 17
-4 -38
-11 33
-46 13
-47 13
28 -22
28 -18
27 -25
