1 0
2 0
0 1
2 1
3 0
4 0
-1 0
-2 0
3 -1
3 -2
5 0
0 2
0 -1
2 -2
3 1
5 1
2 -3
-2 -1
2 -1
4 -2
-1 2
5 -1
5 2
1 -3
1 -2
-1 -1
-2 1
-3 0
-4 0
-5 0
4 2
2 2
4 -3
0 -2
0 3
3 2
4 3
4 -4
1 3
6 1
4 -5
1 4
3 -4
-5 -1
-2 -2
4 -6
-5 1
-4 1
5 -6
2 3
3 -6
4 -7
2 4
3 4
7 1
6 -1
-5 -2
-3 1
8 1
7 -1
-1 -2
-6 0
8 2
-4 2
7 2
1 5
-3 2
5 -3
-3 3
1 6
3 -7
-2 3
7 3
2 5
9 1
4 -8
7 -2
2 -7
-5 2
-6 2
7 4
8 4
0 6
6 -6
-7 0
8 3
8 -1
5 -7
8 0
-3 -2
7 5
0 -3
7 6
7 -3
8 -2
7 -4
-6 3
2 6
9 3
-8 0
-7 1
10 3
10 4
-4 3
9 -2
5 -8
-4 4
5 -9
-6 -2
10 5
3 -8
9 0
8 6
11 3
2 -8
6 -4
10 2
11 5
-5 -3
-5 -4
9 -3
9 5
-6 -4
1 7
3 -9
-7 -2
-7 3
-8 1
11 2
0 -4
-4 -4
2 -9
5 -10
-5 -5
-1 -4
-3 -3
-9 0
11 4
3 6
9 6
-7 -4
10 -2
6 -10
1 8
4 6
3 -10
-4 5
-2 -4
6 2
-10 0
4 7
-7 -1
3 -5
-1 -5
-7 -5
6 -11
-8 2
-8 -2
-7 4
12 4
-6 -5
2 7
9 -1
12 2
-5 5
5 7
5 -11
11 -2
-6 -3
10 1
6 -7
11 -3
7 -10
10 -1
-6 4
6 -8
2 -10
2 -11
9 -4
9 -5
12 5
3 -11
-6 5
13 5
6 7
0 8
2 -12
-8 3
-10 1
4 -10
-9 3
-9 -2
-7 -6
-10 -2
-6 -6
7 -7
-8 -3
1 -10
12 1
-11 -2
6 -9
-6 6
-8 -6
9 -6
-7 5
-12 -2
12 3
-7 -7
10 -5
-11 0
-12 -3
0 9
-8 -5
1 -7
-10 3
6 -12
7 -6
1 -9
0 -9
0 -8
5 8
1 -11
3 -12
-10 -3
12 0
6 -13
5 -12
-9 4
-3 -4
-9 5
3 -13
7 -13
2 -13
-4 6
-12 -4
13 6
-5 -6
9 -7
-11 -3
2 8
8 -10
12 -1
14 6
-7 -8
13 0
0 5
10 -6
2 -14
-9 1
-3 -5
11 6
13 7
2 -15
14 7
8 -13
12 -3
-10 4
-11 -4
5 -13
12 7
-11 -5
0 10
14 0
13 1
-6 -7
3 -15
-12 -1
-11 3
-7 -9
-7 6
-4 7
9 -8
15 6
-13 -2
10 -4
-1 8
1 -12
-8 6
13 -1
6 8
13 4
14 -1
6 9
14 1
13 2
5 9
1 10
-13 -3
3 -16
8 7
8 -14
10 -8
-1 9
-4 8
11 -8
-13 -4
13 8
-1 -6
-1 10
9 -14
12 -8
3 -17
11 -5
14 8
9 7
-2 4
-9 -6
15 5
7 -14
10 6
9 -13
-14 -3
4 -16
5 -14
12 -9
4 -17
-11 2
10 -14
5 -15
-10 5
12 -7
10 -15
-2 -6
12 -4
11 7
12 -10
-8 7
-10 -5
11 -9
15 8
-9 7
-3 7
-6 -9
13 -9
7 7
6 -15
1 -14
5 -16
-12 0
2 -17
5 -17
10 -16
14 -9
16 8
2 10
11 8
6 -17
7 9
-12 1
16 7
8 -15
-11 5
3 -18
10 -13
17 7
6 -16
-15 -3
-10 7
-5 7
15 -1
10 -17
1 -15
10 8
-8 -8
14 -2
11 -17
2 9
-16 -3
-16 -4
5 10
8 -11
-11 -6
11 -13
5 11
-10 8
-17 -4
7 -17
-11 8
-12 -6
-13 1
2 -18
-7 -10
6 11
-16 -2
8 -16
-11 6
18 7
-18 -4
11 -16
15 -9
-2 9
0 -11
7 8
-8 -9
5 12
-5 -9
-4 9
-5 -10
-13 2
16 5
15 4
5 -18
-17 -5
-9 -7
17 8
14 -3
13 -10
-12 8
9 -17
-13 8
18 6
17 9
15 -8
16 -1
-12 3
-14 1
-9 -9
-14 -4
-17 -6
-12 4
-18 -5
-17 -2
-4 10
-11 7
-4 -10
19 7
9 -11
5 13
3 -19
-1 7
12 -17
-14 8
3 8
11 -18
16 -8
-9 -10
-16 -6
13 -3
3 -20
11 9
13 9
0 11
-17 -1
11 -12
4 -19
4 10
11 -19
13 -17
4 13
-13 -1
6 13
2 11
3 -21
-18 -2
-19 -5
15 -3
-4 -11
-3 10
2 -19
15 9
14 9
7 11
-5 8
3 -22
16 -2
-14 9
17 -8
14 -4
-15 8
2 -4
13 -8
7 13
12 -13
13 -11
16 0
2 12
-12 9
4 12
0 12
11 10
16 9
16 6
-13 7
-13 9
14 -11
-4 11
14 2
-15 7
12 -14
-17 0
12 -16
3 12
13 -14
12 10
17 -9
-14 -1
-20 -5
17 -1
14 -17
14 10
-13 -5
14 -10
-21 -5
-16 8
18 -9
16 -9
8 11
-16 9
-7 -11
-20 -4
-21 -4
-20 -3
-19 -6
12 -19
15 -17
14 -18
15 -18
9 -18
18 -1
18 5
14 -16
11 -15
1 -17
18 8
-6 8
3 -23
0 -17
7 14
14 -19
11 -20
-6 9
-12 6
4 -20
15 2
-16 7
8 -18
17 10
-12 -7
15 -19
-15 6
-21 -6
5 -20
18 -2
-8 -11
-1 -17
19 5
20 7
2 -20
0 13
18 9
-12 -8
4 -22
-21 -7
-14 10
18 -3
-1 13
-5 10
-1 14
-14 2
-17 9
-22 -4
-22 -3
-15 -6
-18 0
5 -22
-1 15
18 10
7 12
20 6
16 2
-17 7
-18 9
-14 0
-18 7
21 7
-18 8
17 -7
-7 -12
-1 -9
15 -16
18 -8
-14 -6
10 10
-21 -8
-2 14
1 -18
2 13
-23 -3
-3 14
-24 -3
10 -19
-18 6
5 14
11 -21
-19 6
14 11
-22 -7
-16 -7
19 -1
-21 -9
12 -21
-1 -18
5 15
-22 -8
-9 8
16 -10
-18 -3
2 -21
-16 10
-15 -1
16 3
-18 1
-6 -10
-8 8
12 -22
-20 6
6 -22
18 -4
6 -23
8 12
20 -1
-19 0
-20 7
18 -10
-3 13
-22 -5
-22 -2
-4 14
-3 15
8 13
-12 10
-1 16
2 -23
-6 7
-21 7
0 -18
19 0
9 11
19 -10
-24 -2
-4 -12
13 -4
17 11
11 -7
-22 -9
19 8
-10 -7
13 11
10 -21
11 -22
2 -24
13 -13
-19 1
17 3
-15 -7
-5 -11
-25 -2
8 14
21 6
-2 -17
-23 -5
15 -15
1 -19
16 -11
-12 11
-22 7
5 -23
16 -15
2 14
-2 16
13 12
-23 -6
-19 8
19 -9
-20 8
-11 11
20 5
17 -11
-23 -9
-18 5
-7 9
-23 -8
-1 -19
21 8
-8 9
13 -22
12 -15
16 -19
4 15
20 4
-10 9
-24 -4
14 -14
17 -19
1 -23
20 3
17 0
1 -20
7 15
17 -6
-16 11
13 -19
15 11
18 -5
17 -12
-12 12
-17 10
15 12
16 11
20 0
14 -20
-24 -5
21 5
-19 9
16 -20
-20 -7
-23 -2
-22 -1
-24 -9
-20 -2
18 -11
2 -22
19 10
-5 11
-22 8
2 15
-3 -17
20 10
-25 -1
-3 -16
-20 9
16 -12
-20 10
-25 0
10 11
-12 13
-21 -10
16 12
21 3
19 -4
-10 11
-15 -8
20 11
9 -19
20 -9
-13 -8
-7 10
17 12
-23 8
-18 10
22 8
-24 -6
-4 -16
20 9
-9 11
-23 -7
-21 -11
1 14
0 -20
-22 -11
20 -2
-26 -2
2 -25
23 8
23 7
-21 9
22 9
-2 -18
17 -20
21 11
24 7
-10 12
-24 8
10 -22
-23 7
22 10
17 -13
20 -8
-5 -12
21 -8
21 12
9 14
-27 -2
16 13
20 -7
1 -22
-24 7
-24 -8
-4 15
20 1
-25 -6
15 0
24 6
-25 -7
22 3
-25 8
4 -23
-24 6
-11 13
11 -23
-20 -10
-22 0
-4 -13
1 15
-6 10
-12 14
23 9
-28 -2
-13 13
-26 8
-14 13
2 -26
1 -25
22 2
3 -25
-16 -8
-25 -8
0 -25
-5 -13
-26 -3
23 10
-12 15
-25 -9
24 9
-7 -13
-1 11
24 5
5 -24
-13 6
-23 9
-21 -12
-27 -3
21 13
-25 -4
5 16
7 -22
23 6
-29 -2
-8 -13
4 -24
17 -21
-28 -1
-22 6
-7 -14
-8 -14
22 11
9 -20
25 7
22 13
22 14
-1 -11
18 -21
-23 0
24 4
22 12
18 -19
-9 -13
23 2
-28 0
-28 1
26 7
0 -26
-14 11
0 -23
21 -2
-11 15
10 14
-26 -6
-26 7
-28 2
7 -21
-9 -12
25 8
-23 -10
-20 5
-1 -23
0 -14
-27 8
-29 1
-18 4
12 -20
-10 15
7 16
12 12
-1 17
-28 8
-30 -2
-22 9
-20 11
-26 -5
-9 -14
23 14
-19 -10
-23 1
-28 9
-6 11
-30 1
18 -20
-4 16
-30 0
-22 -12
-15 -9
25 4
22 -8
19 -20
21 1
-24 9
0 -24
-29 2
17 -22
0 -12
-9 15
19 11
-21 -13
-1 -26
16 -21
14 12
-31 -2
24 10
17 -15
2 16
-28 10
-9 14
-18 -10
0 14
-4 17
9 15
-15 10
-1 18
-28 -3
12 -23
26 4
25 3
-5 -16
21 14
13 -20
-31 1
-27 1
-26 1
0 18
0 19
21 15
-20 -13
20 14
-26 9
-20 12
-20 -12
15 -20
-25 9
-23 -11
-4 18
-5 18
25 2
-19 12
23 1
0 16
9 -22
-5 15
-10 16
-28 11
17 13
-30 -3
18 11
-29 10
11 -24
-29 3
25 6
23 15
26 5
-5 17
-27 9
26 6
-21 11
-29 9
-31 0
8 16
11 -25
23 12
-30 10
15 -21
-18 12
-27 -6
-6 -16
-30 3
-13 -7
4 -25
-6 -17
-14 -8
-31 3
-6 15
-14 14
-24 -10
20 -3
11 -26
27 7
-30 -4
26 8
18 -22
-30 11
15 -14
26 2
22 -7
9 16
12 -25
21 -3
19 -7
9 13
-2 -23
19 -22
-31 -4
22 1
16 14
1 19
24 12
0 -21
27 6
19 -5
-31 11
-29 -1
19 -23
28 7
-32 -2
28 8
-32 0
-33 0
24 15
19 -24
-31 2
-12 -9
18 -15
25 9
-3 -23
21 16
24 11
-10 -14
-29 11
-28 -4
17 14
-2 -19
26 9
27 2
-32 -4
-30 12
24 14
29 8
12 13
19 -11
2 -27
0 20
-33 -4
3 -27
20 -5
-31 -5
-6 12
-1 -27
-2 -27
24 16
-1 -20
-3 -27
-4 -27
-4 19
23 -7
-17 1
-27 -4
3 14
28 9
20 16
-6 18
0 17
-14 15
-18 -11
-31 4
8 17
24 17
26 3
-3 18
19 -21
-21 -14
13 -25
30 8
-29 12
2 -28
18 -23
10 -25
-19 -12
-9 16
-24 -11
-2 -20
-24 10
-17 -10
-2 -28
-6 19
20 -21
20 -20
14 -25
27 9
18 -13
21 -20
-22 11
1 20
20 -24
10 15
-13 -9
-32 -3
-33 1
-4 -23
1 -28
-29 4
18 13
24 -7
-28 7
11 -27
1 17
-12 -10
25 16
14 -26
-32 4
-29 13
25 12
24 18
28 10
1 -29
-32 2
25 17
-2 -26
15 -25
-33 -2
-2 18
-3 -24
12 -27
22 15
27 4
10 -23
27 5
-1 20
31 8
-20 13
27 10
21 17
-26 10
-19 10
-22 -13
-33 2
28 6
4 -26
15 14
-31 5
15 -26
16 15
-33 -5
20 -25
29 7
11 -28
16 -25
-6 -18
30 7
-7 -18
24 2
-26 -7
-31 6
1 -27
-6 -14
31 7
-34 -2
32 8
-19 13
-27 -7
-4 20
0 -29
23 17
-11 16
14 14
-15 13
18 14
17 -18
18 -14
-32 11
-31 -1
23 -6
-26 -8
26 12
-34 2
-34 0
14 -24
-34 -4
9 12
11 -29
20 -23
-10 17
32 9
30 9
-10 -15
-2 -29
21 18
33 8
1 -30
-1 21
26 13
-2 19
-2 21
7 17
20 -26
-34 3
14 -23
-35 -4
16 -24
28 11
-35 3
16 -26
-1 -29
22 -6
21 -5
2 19
-3 -15
-7 -19
-1 -21
-27 11
-34 -5
20 -10
-7 19
-13 -10
-35 -5
-35 0
-35 -6
-34 -1
-30 -5
22 17
-10 -10
-15 15
1 -31
24 -8
-35 -7
-33 11
21 19
30 6
-35 -3
-5 12
26 14
6 16
-21 -15
-6 20
2 -30
-35 1
22 -20
-15 16
-21 -16
3 19
34 8
-36 -5
-35 4
-25 -11
16 16
26 16
28 12
-33 4
-34 11
6 17
14 -27
0 -31
-29 8
-3 -22
35 8
-2 -30
-6 21
10 -27
-2 22
12 -28
19 -13
28 4
-35 -1
-25 -12
18 -24
-1 22
36 8
-8 14
-22 -15
-36 3
-4 -17
-3 -20
-21 13
-36 1
0 -32
-7 -20
-1 -32
-6 16
35 7
20 -27
-30 8
26 17
-6 17
19 -26
-31 12
-31 8
31 6
-31 -6
-28 -6
-1 -33
-11 -10
-32 12
-36 -1
-22 13
37 8
37 7
22 -21
23 -8
-8 16
-29 -5
-2 23
-36 4
-8 -15
-29 -6
35 6
29 12
-16 13
-19 14
20 -13
-32 13
20 19
0 22
1 22
-24 -12
11 12
5 17
21 -9
26 18
-8 -20
27 16
-31 9
35 9
-3 22
23 18
-29 -7
-34 -7
-36 5
23 -21
33 7
-36 -7
16 -27
-12 16
28 3
26 11
-2 -22
35 10
-3 -30
-37 4
35 5
-21 12
2 22
-35 11
-37 -1
-26 -12
6 18
-33 13
-10 18
-18 14
30 10
10 -28
-36 -3
35 11
18 -26
-26 -13
-31 7
26 19
-22 14
29 10
27 17
-37 0
-4 -18
21 -25
17 16
-16 16
33 9
23 -20
-22 -14
11 14
-23 -15
-29 14
36 6
29 13
38 7
-38 -1
-26 -14
21 0
-37 1
-37 -7
-27 -14
-23 -13
25 -8
-23 11
0 23
-30 13
15 -22
-32 7
-2 -32
-37 -8
2 23
18 -27
-27 -15
-27 -16
3 20
14 15
20 -19
17 -25
-31 -7
20 18
35 4
21 20
-33 14
-1 -34
23 -22
16 -28
-19 15
23 -5
30 11
24 -21
-23 -16
17 -28
38 8
2 -29
-28 -16
25 19
9 -23
-22 12
-1 -35
-37 2
-3 -32
-3 23
-9 -20
3 -30
22 -2
25 20
-12 -11
1 -32
-3 -26
-37 -5
-34 10
36 11
10 -29
-27 12
3 23
29 14
-35 12
14 -28
29 15
-3 -31
24 -20
-32 8
28 16
3 24
-31 -8
36 12
27 19
36 4
-32 14
-35 13
-10 -20
-21 -17
-12 17
-3 -33
19 -27
5 -26
34 10
-36 6
-34 -6
37 11
18 -18
-33 15
-5 -17
1 -33
-38 -8
27 18
4 20
38 11
24 -9
-4 -32
23 -2
-23 14
28 19
-32 9
-24 -16
37 6
-2 -35
36 3
16 17
20 -28
37 10
22 -5
37 5
10 -30
-17 16
23 -4
-34 13
-37 5
-38 2
21 21
3 -31
19 -15
6 19
23 -9
-24 14
-2 -36
23 -23
-25 -16
7 19
-35 14
-36 -4
-9 -21
2 -33
22 -25
-6 22
6 20
3 -29
-6 23
24 -2
-36 11
30 5
-39 2
22 -3
-22 15
24 -22
29 4
-14 -10
4 24
-27 -8
22 21
-37 11
-35 15
25 -21
39 8
-6 24
-22 16
19 18
-21 -18
20 21
28 2
-8 19
-11 -20
-38 -5
-28 13
11 -30
-23 -17
9 -29
-38 1
25 -2
24 -23
26 -2
3 -32
24 -24
-36 15
-33 10
-34 -8
-27 -17
-27 -13
-36 14
-3 -29
-28 -17
32 10
16 18
26 -1
-4 -19
33 10
-3 -35
3 -33
-36 16
-3 -34
-10 -21
8 18
40 8
30 15
19 21
-37 14
-38 4
-21 15
-7 23
29 2
-33 -8
13 -28
-23 -18
-29 -16
-37 -9
5 24
13 15
21 -26
-36 -8
4 -32
-34 -9
3 -34
20 -15
-38 -9
22 -19
40 7
-24 11
25 -23
22 -24
12 -30
-34 -10
1 21
21 -13
-38 14
-31 14
-30 -8
-38 -10
23 -25
5 25
-38 3
38 9
30 13
14 13
-11 -15
13 -29
-21 16
2 -34
-4 -26
3 -35
26 20
18 -16
38 10
-10 -16
-22 -18
-38 15
36 13
3 -36
19 22
25 -22
-39 -1
-14 -11
-37 -10
38 12
-39 15
29 1
37 4
-37 -2
-35 16
-9 19
-39 -5
-37 13
-39 -8
3 -28
23 19
24 -25
-9 -15
-35 17
-16 17
-24 13
-40 -1
0 -34
-40 -2
-8 23
10 -31
-39 -9
-40 0
4 -36
-29 -17
-4 -28
-16 18
-28 -14
-34 4
26 -22
28 18
-40 -5
24 20
-4 21
-37 10
28 17
-39 -6
40 6
27 -22
10 -24
2 -36
12 15
38 5
-5 -28
-32 -7
-37 16
-40 -9
18 -28
-7 21
33 11
27 -21
14 -29
2 -37
5 -32
22 22
11 -31
15 15
23 -26
-29 -14
32 7
27 20
35 13
4 -37
25 -25
-30 14
-30 15
6 -32
1 -37
26 -3
-4 -29
31 10
12 16
34 13
8 -20
17 -29
-33 5
-8 24
21 -15
-4 -35
20 -29
-34 17
-30 -17
29 19
34 14
34 6
41 7
29 3
-13 12
-31 -17
-2 24
-39 16
25 -3
4 -34
0 -37
-38 -11
-5 -35
2 -38
24 21
2 -39
-30 16
-35 18
33 6
-9 24
-33 8
-39 -11
-39 3
36 14
19 -28
36 2
-34 18
26 -21
-3 -36
22 23
25 -26
-6 -19
-33 -10
-31 15
26 -25
-29 -15
-6 25
26 -24
20 -16
30 16
39 7
-1 -36
26 21
19 -29
20 -12
-30 17
-39 17
39 12
-39 -7
32 11
-1 -37
7 20
41 8
-41 -5
-10 -22
-40 1
26 -8
29 17
19 14
-35 6
-26 -9
31 13
42 8
34 15
-40 -7
21 -14
25 -27
21 -27
35 15
34 16
-6 -28
-3 -21
-31 -18
-9 20
-40 17
-17 18
24 -5
26 -27
-21 -19
-2 25
-6 -35
-38 11
-40 15
-20 -19
40 9
32 13
25 -28
3 -37
2 18
21 -28
21 -29
-4 -21
26 0
-35 19
27 21
23 -10
-7 -35
28 20
24 -26
2 24
30 19
36 15
25 -20
-31 -9
-10 -23
-31 -19
-38 13
-39 4
-11 -19
15 -27
-35 20
-40 -11
-41 -7
20 -30
-40 3
-41 3
27 -24
39 5
-20 -17
5 -37
-41 -6
10 16
-5 21
5 -27
-40 18
-10 24
-41 18
42 7
-41 -9
-24 12
39 13
42 9
24 -19
-6 26
30 3
27 -27
-35 7
1 -38
-10 19
-15 18
-41 15
40 13
-41 0
28 -21
23 22
-17 19
-41 14
-3 -37
27 -28
8 20
30 1
14 16
9 17
-41 19
39 11
-33 17
-2 -37
-37 6
0 24
-42 0
-23 16
-23 -19
-6 -27
2 25
9 -31
34 17
-35 -10
-24 16
16 -29
39 4
-30 -15
30 20
35 17
-9 25
5 -38
-2 -38
-24 15
-40 -10
-18 19
4 -29
-41 -11
-34 19
37 13
-36 17
-41 -12
27 -25
-28 14
26 -20
-36 -10
-32 -18
1 -39
-38 -12
18 15
-21 17
-36 -11
5 -34
-4 -30
13 -30
26 -28
2 -40
-42 14
-6 -29
-36 19
3 25
-18 -12
25 -5
2 -41
-34 8
-31 -16
-43 0
-25 16
-29 16
10 -32
3 -41
28 -27
4 -41
6 -34
5 -35
38 13
-42 19
27 -26
-42 13
19 23
-2 -39
36 17
-41 20
14 -30
-42 -6
-36 7
38 14
-1 25
20 -31
37 2
-42 -7
30 21
-5 -36
-38 6
30 22
17 18
-40 19
-41 -4
5 26
0 -38
-5 -37
8 21
-36 20
37 17
4 26
-43 19
30 23
-43 20
38 4
21 23
-5 24
22 24
-10 -24
-38 17
-40 14
25 -6
25 -9
29 -27
-3 25
30 24
37 18
3 -40
30 4
-8 25
39 10
30 25
26 -5
-7 -36
-7 -21
37 16
24 -27
-28 16
-11 -14
38 15
27 -5
25 -10
-39 18
-2 26
-10 -25
27 -20
4 -42
31 19
35 2
-42 20
-11 -23
0 25
22 -28
22 25
-11 18
-42 -4
-42 -9
-42 -3
31 24
-12 -19
-41 17
30 26
-5 26
-21 -20
-42 21
3 -42
-24 17
-8 -19
-27 -12
3 -43
-42 17
18 -29
29 -26
-31 -15
-36 -12
5 -31
-36 -13
26 -4
-43 -9
22 26
-33 -18
4 -43
-12 -23
28 -26
40 4
-41 -13
-39 14
-28 -18
-7 26
43 7
-34 20
31 21
-34 -18
-24 -18
-43 17
32 24
-41 -14
-43 14
-28 -19
-7 -29
-13 -23
29 -21
6 -38
-2 -40
3 26
40 11
-10 25
-1 26
23 26
-40 13
-24 -13
-4 -33
-33 -19
-38 -13
23 -27
9 -32
-43 -4
-21 14
-43 -10
21 26
22 -29
11 -32
-7 27
-40 -13
-37 20
7 -34
-41 -15
-38 12
-35 21
-26 16
-8 -16
7 -38
-38 10
-1 -40
30 0
38 3
-24 -15
-34 15
-5 -38
33 24
25 -7
8 22
-33 -20
-30 -18
25 -19
-19 16
4 -44
-14 18
-10 26
-41 -16
41 13
-30 18
3 27
5 -44
-28 -20
-44 -4
-8 -29
-43 -6
-41 -1
34 4
-43 15
-34 16
30 -21
-8 -35
-7 -22
-22 -20
36 1
-1 -41
34 24
-29 -20
37 1
41 4
-1 -42
-1 -38
26 -7
5 -36
-26 17
24 22
-14 -23
-37 21
2 -42
-7 -34
-42 -16
-25 -18
-44 14
12 17
-28 17
24 -28
-42 -14
22 27
40 12
-36 -14
-28 -21
-19 19
7 -37
-1 27
28 -24
41 5
-38 20
-35 -18
23 25
-6 -30
27 22
30 -20
21 -16
3 28
21 -31
-32 -19
-7 28
-44 20
6 24
-39 20
8 -31
27 0
43 9
1 24
42 5
1 -41
6 23
42 10
-3 -38
3 -38
5 -42
42 6
21 -32
42 4
6 26
-10 23
-38 21
32 25
26 -9
-4 -36
-40 4
-42 -2
-40 -8
3 -44
24 -29
7 -39
-42 22
38 17
42 13
18 -30
29 -20
30 -27
-36 -18
-11 24
-39 10
36 0
39 17
8 -38
8 -37
24 26
36 18
15 -28
-44 -9
-41 1
-29 18
-44 17
2 28
-2 -42
-43 -1
5 -45
40 3
-21 -21
-3 -39
-5 25
38 1
5 -41
27 -7
-42 12
-11 23
32 26
42 11
-44 -5
6 -44
-44 -10
28 -28
-44 18
-39 -12
-12 23
23 -29
41 14
24 25
-7 -33
-45 -4
5 -46
30 -22
41 10
-38 7
34 25
-19 17
21 -10
-24 -19
3 -45
-45 14
17 -30
21 -30
-37 22
42 14
-36 22
-40 -15
-39 -15
-28 -22
-24 18
0 -42
21 22
5 27
9 22
18 21
-11 22
39 1
-46 14
4 -46
30 -23
30 -24
6 -43
2 -43
14 -31
43 5
-45 20
-43 -7
-6 28
6 -46
-28 -23
27 -29
30 -19
21 24
32 19
11 -33
4 -47
2 -44
-37 23
-44 -1
-29 19
1 -44
2 -45
7 -44
-43 -11
35 25
-8 -33
27 -9
-4 -39
27 23
2 -46
-32 -16
43 10
-46 -4
-30 19
-44 -2
28 22
12 -33
-32 17
-9 -35
-45 -3
5 -28
-23 18
18 -31
-8 -28
-46 -5
-30 20
-45 13
7 26
-11 25
41 15
-13 -24
-42 23
-8 -36
21 -33
43 11
-39 5
22 28
32 27
4 27
36 25
-46 -6
-26 18
32 28
21 28
12 -34
20 26
-43 -12
35 18
37 25
36 -1
31 -20
28 -20
-43 -13
-43 22
-43 -16
-43 21
40 17
-3 -42
-4 22
8 -39
-38 23
31 -23
-41 23
-42 24
-28 15
7 -46
8 -46
43 8
33 26
-9 -28
-8 -37
28 -23
-47 -4
7 -47
-27 18
21 -34
44 5
-30 -20
-43 -17
40 1
22 29
41 17
3 -46
44 8
44 6
32 -20
26 -19
3 -47
-3 26
31 -22
-5 -39
-3 27
-26 -18
28 -19
-44 -13
-35 22
42 15
7 -40
7 -43
42 16
39 18
-39 11
22 -33
-3 -40
-6 27
-9 -34
6 -41
-27 -22
-15 19
-19 -19
-9 -33
7 -32
-15 -23
42 3
-43 1
-46 13
-44 -14
20 -33
8 -44
-43 -15
-6 -34
6 -36
28 -25
3 29
0 -44
28 -29
-42 -17
-6 -37
7 -36
-36 -19
-44 15
43 15
-41 4
-41 21
41 12
20 22
23 -33
0 27
42 2
45 8
8 -47
-37 -19
-43 -18
30 -26
40 0
-44 -17
1 -46
5 28
-34 -19
-26 -22
36 26
15 16
-26 -19
43 4
-30 -21
19 -33
-24 19
34 18
7 -42
-36 -20
-29 -22
27 -30
-47 -5
-42 4
29 25
-47 -3
44 10
25 26
-16 -23
21 -35
5 29
32 21
2 -47
-9 -36
5 -47
31 -19
23 -32
-12 -24
-10 -28
-44 -18
32 23
6 29
-16 -24
8 -45
43 14
26 -30
-33 18
7 22
-11 19
-6 -22
-45 21
0 -46
26 -10
15 -31
20 -11
33 -20
-26 19
23 27
-30 21
-18 20
30 -28
-40 10
44 11
22 -10
-41 2
-35 -19
-48 -3
45 11
42 12
-45 -9
-46 20
-12 19
-47 13
-46 19
33 -21
-21 18
21 29
43 12
41 1
15 -32
-46 21
-44 22
-44 23
-38 22
-37 -11
24 27
-7 -32
-32 -20
45 6
28 -30
25 27
-13 18
-43 -19
-42 5
-41 22
36 27
-48 -4
-45 23
-1 -25
45 9
-45 -17
-43 -8
16 -32
15 18
-13 19
10 -33
36 -2
33 28
32 -23
-19 20
-15 -24
43 3
-44 -6
37 27
41 18
7 -48
-9 21
-45 22
3 -48
-45 12
-36 -21
-46 -7
19 24
-45 -18
-6 29
-46 23
9 -33
-44 -12
15 -33
-42 2
6 30
-43 16
46 11
37 0
-46 24
19 16
32 -19
45 12
20 25
-39 21
44 15
-48 13
-10 -35
-47 -7
-21 19
-11 -28
27 -31
-48 -5
-9 -32
-47 -8
-45 11
-43 13
29 -28
-13 20
41 0
40 -1
19 25
33 29
-44 24
-48 -2
33 -23
38 25
-48 -8
26 -11
-37 -14
42 18
8 -40
-40 22
-44 -16
-45 19
37 -1
32 -21
-1 -43
-47 19
-41 10
-29 -23
17 -32
12 -35
46 10
-46 25
47 11
36 -3
9 -44
-42 3
-41 24
-7 -37
-34 22
-33 20
1 -45
42 0
23 -30
44 4
-7 29
-44 25
20 28
-8 28
-37 24
-33 22
-19 -13
5 -48
-45 -16
-37 -18
-47 23
21 30
21 31
-47 22
-4 -40
-20 -20
46 6
-6 30
-1 28
20 30
47 6
9 -47
26 22
-20 20
37 -3
45 15
39 -1
-47 24
23 -31
47 5
-46 15
46 8
-13 -25
1 -47
39 0
-29 -24
37 28
7 -49
22 -35
23 29
34 -20
-29 -25
-42 -19
29 -30
4 29
-47 18
-47 15
-44 1
13 -31
33 -22
34 29
-9 28
48 11
23 -35
34 -23
34 3
-5 -40
43 2
26 -31
-44 26
31 28
-46 -16
-7 -38
48 10
-48 24
37 29
-46 -9
31 29
34 30
-30 -24
-44 27
1 -48
-45 27
45 4
-44 -15
44 16
34 -24
-37 -21
0 -48
47 12
-38 -21
49 11
35 -23
-12 24
40 18
-38 -19
3 -49
-48 18
2 -48
-32 -21
37 30
-2 27
22 30
-46 12
-49 13
30 -25
-5 -41
-45 -1
-1 29
-35 23
38 -3
-38 -20
-43 5
8 -49
-3 -41
19 28
-42 25
6 27
9 23
-45 -10
-44 0
-45 -12
32 22
-26 20
-45 10
-43 25
46 4
-45 18
-8 -38
38 18
-9 29
37 -2
36 -23
26 -32
32 20
-26 -23
40 19
24 -18
13 -35
10 -44
-6 -40
1 -49
-43 -20
-25 -22
43 1
45 13
36 29
-1 -48
-42 -20
36 30
-31 -24
24 -35
-5 27
7 30
-49 -3
-31 -25
-36 24
-45 25
-48 22
1 25
-48 -7
-31 20
9 -49
31 -27
1 -50
-49 14
48 6
-36 8
5 30
-33 -21
-26 -21
18 28
-4 26
-46 -1
0 28
-49 -5
30 28
-6 31
10 23
10 -49
-32 -22
-10 -34
-49 -7
-24 -22
35 -3
24 -36
-45 28
47 7
-27 20
-47 -6
-1 30
21 -36
-11 -29
31 27
20 31
-7 -40
21 32
11 -49
47 10
-48 -9
-43 26
3 -50
-46 16
46 15
-8 -39
17 28
-2 -48
38 28
3 30
-2 -49
29 28
-6 32
42 19
-3 -43
49 6
38 27
-10 -32
-47 -1
48 5
2 30
-37 -22
-7 31
-40 23
-3 -48
-11 -27
33 20
30 14
37 31
-50 -7
50 11
50 12
-5 -42
25 -31
-50 -3
46 3
-46 27
2 31
1 -51
-50 13
-11 -32
7 -50
19 -34
-50 12
39 25
35 27
-45 -11
-10 29
-50 -2
31 -28
40 25
-38 9
-49 15
-49 -8
-48 25
6 -50
-21 20
-49 -6
-47 27
-49 24
-5 31
40 24
-32 18
-44 -20
-3 -44
43 18
-10 28
40 20
-50 11
36 -24
36 -22
48 9
-43 27
0 -49
-15 20
-35 -17
3 31
-51 -2
-44 -21
-39 23
47 3
-1 -46
33 5
23 -36
-4 -43
-32 -23
-3 -47
35 -24
-52 -2
-32 -25
10 -50
41 25
-44 10
48 8
-4 -47
-44 -19
49 8
-48 27
-37 -23
-5 -47
-6 -47
7 27
-27 21
51 11
32 -24
-12 25
41 26
-6 -46
22 -34
-11 28
47 4
38 -4
38 31
38 -2
46 12
-5 29
-47 17
1 30
-42 27
-49 11
-44 11
39 -2
-46 26
-14 -25
47 15
-45 -21
-2 -50
-48 28
41 24
26 27
-50 -1
-51 -3
-39 6
-28 -25
22 -36
27 -1
30 -29
7 24
37 -23
-48 29
-16 -25
-3 -50
38 32
24 -30
-24 20
7 -51
48 3
-50 -4
48 2
18 23
44 1
-52 -3
35 -20
-49 27
35 -25
-7 -41
-37 -24
29 -31
39 -3
7 -52
22 31
43 16
50 10
-51 -4
10 -48
-17 20
20 -36
48 4
49 3
8 26
37 24
1 31
-36 -23
30 -31
31 30
-15 21
-37 -25
-53 -3
-51 12
-25 19
50 6
28 -18
-44 -22
17 -33
-13 25
-46 -12
-51 -1
35 -2
-49 16
17 23
40 -2
-49 -9
1 -52
-45 -22
-50 16
8 -51
