1 0
0 -1
0 -2
-1 0
1 -2
-1 1
-1 2
-1 -2
-2 -2
1 1
-2 0
0 1
2 0
-3 -2
3 0
4 0
-2 2
-1 -3
-1 -4
4 1
-2 3
0 -3
-1 -5
-3 -3
2 -1
-4 -2
5 1
-5 -2
0 -5
1 -5
2 -5
5 0
-3 2
-1 -6
6 1
-1 -7
1 -6
-3 3
-1 3
-5 -3
-2 4
5 2
2 -6
-1 -8
-3 1
-2 5
-4 -1
3 -5
5 -1
-2 6
4 -5
0 -8
6 2
-5 -4
1 -8
7 1
7 0
7 -1
5 -5
-6 -4
-6 -5
-5 -5
-4 3
7 -2
-2 7
1 -9
8 -2
-2 -6
-2 -8
0 -9
-7 -5
-4 1
-2 8
2 -9
8 0
-3 6
-7 -6
-6 -6
-3 -6
-2 9
3 -9
9 0
-2 10
6 3
-1 5
-2 -9
6 4
-8 -6
3 -10
-1 10
-9 -6
4 -10
-1 11
-4 -4
-4 6
-7 -4
1 -10
-7 -7
-10 -6
-2 -10
6 5
4 -11
7 -3
4 -12
-4 4
-3 10
-5 1
1 -11
-11 -6
-11 -5
4 -13
1 -12
-4 7
-2 -11
0 -12
0 -13
-3 -11
8 -3
-1 9
1 -13
4 -14
-5 -1
-5 6
-1 -13
4 -15
-5 -6
0 11
9 1
-12 -5
0 12
5 -14
8 -1
-3 11
-2 11
5 -10
3 -14
-11 -7
5 -13
0 -14
0 13
6 -14
-4 11
-1 -14
-4 12
0 -15
-13 -5
1 13
1 -15
1 -16
10 1
7 -14
-12 -4
1 -17
-2 12
-6 1
8 -14
-2 -14
-11 -8
-5 12
-4 10
-12 -3
1 14
-14 -5
-7 -8
-5 13
-13 -4
-7 1
5 -11
-6 12
1 -18
8 -13
1 -19
1 -20
-12 -8
1 -21
-6 13
2 14
-5 7
1 -22
0 -16
9 -14
11 1
-4 -11
-12 -9
10 0
0 -21
-14 -6
12 1
-4 13
7 2
10 -14
-7 13
11 2
-7 12
8 -12
-6 7
7 -4
9 -3
12 2
-8 13
9 -4
-9 13
-1 -21
2 15
-10 13
2 16
-1 -22
-6 -8
-14 -7
-5 14
-12 -10
1 16
2 -22
2 17
-6 -9
1 -23
13 2
-12 -11
8 -15
-12 -12
12 3
-15 -7
8 -16
2 -18
14 2
15 2
0 -18
3 -22
9 -15
10 -3
-8 14
-13 -11
-2 -22
-5 -11
-15 -8
3 -18
-11 -10
-15 -9
-6 -10
-10 -10
7 -12
3 14
-3 -22
-16 -8
-16 -7
-13 -3
10 -15
-2 -15
-13 -12
-15 -10
10 -16
7 -11
-4 -22
1 17
1 11
-10 14
-11 14
10 -13
1 10
0 17
-13 -2
10 -17
-9 12
14 1
6 6
-15 -11
-11 15
10 -18
15 3
-17 -8
-18 -8
-7 7
11 -13
-8 1
-4 -23
11 -16
2 18
-7 11
-2 -23
12 -13
-14 -2
2 -23
0 14
4 -22
4 14
2 -24
-15 -2
-9 1
-5 -23
0 -19
-1 -20
-5 10
-15 -6
1 18
-6 -23
-14 -11
2 -19
3 -21
-15 -1
9 -18
-7 8
0 18
-7 -23
8 -17
-15 -3
4 13
10 -19
-18 -9
-18 -7
-19 -7
-16 -2
7 4
11 -19
-19 -6
6 -4
12 -16
10 -20
-18 -10
6 7
3 -23
3 18
-1 17
13 -16
-11 -12
5 -22
12 -19
-20 -7
2 -25
4 15
6 -22
10 -1
9 2
6 -23
7 -23
-5 -24
-20 -8
13 1
-20 -6
-2 -24
15 1
13 -13
10 -21
-10 12
10 -22
1 2
-7 -24
3 -25
7 -24
13 -15
-5 15
-15 0
-14 0
-3 -14
0 19
13 3
14 3
7 -25
3 -6
-2 17
-5 4
11 -22
16 1
-13 -13
-3 17
-10 1
0 20
-7 -25
-21 -8
12 -22
8 -25
-20 -5
10 -23
-11 16
-11 13
9 -12
10 -4
-2 18
16 2
-16 -3
-19 -9
13 -17
2 -26
13 -22
5 15
6 15
-6 -11
-8 -23
-21 -5
7 15
4 18
7 -26
-19 -5
-20 -4
8 -24
0 21
-2 -25
8 -26
2 19
14 -22
9 -11
16 3
-22 -5
14 -16
-23 -5
-16 -1
-19 -10
13 -19
0 22
-10 15
14 -21
-18 -11
4 19
-2 -26
-6 -25
7 7
-22 -6
5 16
8 15
10 -24
-7 -26
-6 -26
-5 -26
-22 -8
-12 15
1 22
17 2
-17 -2
-8 -26
-20 -10
2 13
-20 -3
10 -5
8 16
-13 0
-23 -8
14 -17
-5 -27
-4 14
18 2
-9 -23
-21 -4
-6 -27
-10 -23
-12 13
-24 -5
-14 -13
1 23
6 -25
8 -27
9 15
-11 -23
-10 -24
11 -24
-2 -27
-24 -8
14 -18
-3 -26
1 24
15 0
-10 -22
7 14
-14 1
9 16
-12 12
0 24
15 -17
-8 11
15 -22
-1 -26
9 14
0 -26
19 2
-12 -23
20 2
2 -27
1 25
-10 11
-12 16
-1 -27
-1 24
-4 -27
10 -25
10 16
8 -28
2 25
-13 15
-24 -4
12 -24
-11 17
-12 -24
7 -28
-6 -28
-12 -13
12 -12
-9 -26
-3 18
21 2
11 16
3 25
-6 -29
9 -28
2 -28
-13 12
20 3
2 -29
-13 -23
-12 -25
2 -30
-12 -26
12 16
12 -25
21 3
10 17
-20 -2
-24 -6
5 19
-13 -25
-7 -29
-5 -29
12 17
17 3
-25 -4
1 26
10 14
13 17
4 25
-26 -4
6 19
15 -1
-14 -25
-15 -13
4 20
-6 -30
-15 -25
3 -29
-3 -27
-23 -9
-16 -25
6 -26
10 13
6 20
12 -26
6 -28
-2 24
14 -20
-3 24
13 -24
10 18
-12 -22
-23 -4
-14 12
14 17
-25 -8
3 -30
15 -18
2 -31
2 -32
10 -6
13 -26
-17 -25
14 18
15 18
12 -11
-27 -4
6 -29
14 -26
16 -17
-13 -22
-13 11
15 -16
1 27
16 -18
3 -32
-27 -3
1 -32
4 26
-27 -2
-16 -13
-17 -26
-18 -26
-28 -3
-27 -1
-20 -11
-4 -29
16 -22
6 -30
11 18
-23 -10
-16 0
0 26
3 -33
-28 -2
16 -19
15 19
12 -10
-11 1
15 -26
0 -32
-14 13
0 27
-26 -5
-14 11
-7 -30
-4 18
-19 -26
-8 -29
-7 -31
0 28
-5 -30
16 -26
-1 26
-19 -27
-25 -9
-15 12
22 3
15 -27
-7 -32
17 -22
14 19
3 -34
-20 -27
-7 -33
16 19
13 -10
17 -26
-4 24
-20 -12
-11 18
5 26
17 -18
4 -34
17 -27
15 -28
20 4
16 -23
14 -28
12 -14
3 -35
19 3
17 19
2 -35
-9 -29
6 -31
2 -36
-19 -25
13 0
1 -36
22 4
15 -2
16 4
1 -33
2 -37
-29 -3
15 20
17 18
-28 -1
-29 -1
22 2
18 -27
-14 -26
16 5
17 -17
-28 0
-29 -4
4 -35
-8 -33
14 20
8 14
0 -36
-6 -33
-18 -27
5 -35
15 5
21 1
-14 -27
-30 -1
-21 -3
18 19
16 6
-11 19
-28 1
0 29
5 -34
19 19
-17 -27
-30 0
-8 -34
17 6
-26 -2
19 -27
6 -35
-31 0
10 -7
-25 -10
-1 27
14 -29
-4 25
11 -1
-9 -33
6 21
2 -38
20 -27
2 -39
1 -39
-20 -28
20 -28
-29 -5
-28 2
-16 -26
-20 -26
6 -36
20 5
21 -27
18 -17
20 19
14 21
23 2
-27 2
0 -39
17 7
-21 -11
-30 -3
23 4
6 22
1 -40
-17 -28
2 -40
-28 -5
-22 -11
7 -35
16 -21
-1 28
13 -29
-28 3
-1 -36
24 4
25 4
-21 -27
-30 -2
-22 -3
-21 -28
20 20
-31 -2
-32 -2
21 20
19 -17
-2 -36
22 -27
-11 20
-20 -29
15 21
23 -27
-30 -5
4 -36
-1 29
7 -36
19 -28
6 26
1 29
-6 -34
-29 3
-16 12
-17 -29
26 4
-8 -35
-3 5
-3 -36
20 18
15 -29
13 -12
-20 -25
19 -16
22 20
26 3
23 20
-17 -30
-22 -27
-12 19
24 -27
-30 3
-26 -9
21 0
20 -16
-4 -36
-17 12
23 19
23 -26
-32 -1
27 3
-22 -26
24 -26
21 5
20 21
-7 -34
-17 -31
-18 12
10 -28
-10 -33
27 4
2 29
16 0
-32 -3
0 30
-29 -6
-4 23
-31 3
-5 -36
23 -28
-29 4
-10 20
-3 -37
20 -15
8 -36
-32 -4
0 -40
21 -28
-19 12
25 -27
-33 -1
25 -28
-11 21
5 -36
22 0
-9 20
23 -29
-12 21
11 -5
-33 -2
21 -29
-29 5
14 22
26 -28
-6 -36
20 22
-5 25
4 27
-8 -36
-16 -24
-23 -26
-16 -29
13 22
-20 -30
-30 2
2 30
27 -28
5 27
13 -9
0 31
2 31
-23 -11
-14 10
4 -37
-6 25
-20 -31
21 -15
27 -29
1 -41
1 -42
3 31
24 19
-1 30
3 32
14 -30
-17 13
-17 14
28 -29
-21 -29
-18 11
26 -29
26 -27
-20 12
25 -29
14 23
-21 12
-5 23
-13 -27
-28 -6
1 -43
-31 4
20 23
16 -16
-13 19
-9 -35
27 5
-29 6
-32 4
-32 -5
7 -37
-22 -25
2 -42
-18 14
-24 -26
-6 26
26 2
-24 -25
-19 -31
21 22
-25 -25
14 -12
6 23
-33 4
28 4
29 4
-34 -2
26 -30
-19 -32
28 3
-8 20
-11 22
29 -29
2 -43
-30 -6
-35 -2
-12 22
-19 -33
-25 -26
-35 -1
-25 -27
23 21
-34 4
-36 -2
-26 -26
-21 11
-26 -25
-35 -3
23 -30
4 31
9 -36
29 -30
-30 -7
25 19
3 -43
-19 14
-35 -4
-21 13
23 18
20 24
0 32
30 -29
29 3
24 21
-10 -34
24 -25
26 5
-8 -37
31 -29
29 -31
9 -37
1 -44
-13 22
-29 7
-22 11
28 -31
29 -32
0 -44
31 -30
25 18
30 -28
-25 -28
5 31
31 -31
-7 20
24 -30
-36 -1
1 32
0 -45
-23 -27
25 21
-6 -37
26 1
-10 -29
21 -16
17 -21
-37 -1
10 -37
-34 5
-27 -25
26 18
26 21
32 -29
-33 -5
-26 -28
-8 -38
27 -31
-35 -5
-36 -5
-1 32
-35 -6
30 4
-37 0
5 32
24 22
6 31
-34 6
-31 1
-7 25
-27 -26
30 -27
20 -17
0 -46
32 -28
-22 13
21 -17
-21 14
4 -43
19 24
-20 -33
-35 4
20 -26
-26 -29
2 -41
30 -26
-21 -12
1 33
-1 -46
24 23
-38 0
23 23
1 34
-1 -47
18 24
25 17
-27 -27
32 -30
4 -42
-27 -28
11 -37
-8 -39
11 -38
4 -44
20 25
1 35
-20 -32
25 22
-19 -34
-2 -47
-23 11
29 2
27 21
24 -24
2 -44
-38 1
5 -44
14 24
2 35
32 -27
0 -47
-37 -5
30 5
-28 -27
26 17
33 -28
-30 -8
-35 6
-22 -28
-2 -48
-18 -34
-9 -39
27 22
-28 -26
-35 -7
31 5
-1 33
-31 -8
-27 -29
32 -26
-34 -7
33 -29
16 -29
-14 19
-2 -49
-10 -39
-1 -44
28 21
15 22
29 5
21 24
29 21
-10 -40
-6 27
26 -26
-28 -28
-22 12
-27 -30
-23 12
0 35
28 -32
31 6
2 36
-7 26
-36 -4
-24 12
0 -41
13 23
-35 -8
26 0
33 -27
2 -45
-38 2
-38 -1
29 -33
-28 -29
-1 31
-35 -9
-8 26
27 23
19 18
-3 -47
-29 -29
2 -46
-34 -8
-39 0
17 24
-14 20
-38 -2
-28 -30
7 22
-20 -34
-8 25
-15 20
11 -39
27 6
-40 0
27 -32
19 -29
-35 7
-37 -6
-2 -50
20 6
-36 -8
2 37
6 -44
27 7
5 33
32 5
24 24
33 -30
27 8
-12 23
30 21
12 -38
-2 -46
7 -44
24 25
33 5
33 6
-12 24
-40 1
-37 -8
-22 14
-2 -51
3 35
-2 -52
11 -40
22 -15
-10 -41
24 26
-35 -10
14 -31
-9 26
34 -28
-19 15
-39 2
19 -30
-26 -30
-36 6
-28 -31
24 -31
35 -28
3 -46
2 38
-40 -1
32 -25
-12 25
-29 -31
-41 1
-16 -31
27 18
23 26
30 20
6 27
3 37
7 31
35 -27
-15 21
2 -47
-35 -11
26 -1
-29 -27
-36 -11
-11 25
35 -26
-1 -52
25 26
-25 12
-36 -12
28 23
27 24
36 -28
-21 -30
-38 -8
33 -25
37 -28
-3 -49
33 4
-37 -9
-25 13
4 -45
1 38
37 -29
-30 -27
-30 -31
-38 -6
29 -34
-16 20
0 -52
-41 2
31 7
-35 8
-36 -13
-1 -43
4 -46
10 -40
34 -30
-37 -11
-39 -6
36 -26
30 -34
-40 -2
-36 7
-38 -7
32 -24
-25 14
-3 -52
28 24
31 8
-17 20
-26 -31
0 38
-11 -40
-35 -13
31 20
32 -23
-10 -42
-2 33
-36 8
-36 4
-2 -45
-25 15
-1 -53
31 21
6 -45
-3 -48
5 -46
-25 16
-36 -14
4 30
0 -48
-41 0
19 25
-35 9
6 30
1 39
34 6
-9 -42
-35 -14
25 27
0 36
-11 -42
3 38
12 -40
-2 34
-39 -8
12 -37
35 6
-12 26
0 39
-38 3
34 4
18 -30
36 6
27 -33
-31 -31
-42 2
7 30
37 -26
-1 36
24 -32
-33 5
1 40
29 22
10 -41
20 -14
30 -33
-35 10
-21 -34
-31 -30
-34 -11
35 -30
-1 39
2 -48
1 -52
17 0
-13 24
-2 -53
-35 11
-40 -8
32 20
-43 2
-43 1
-38 -11
1 -53
30 19
2 -53
37 -30
33 20
37 -25
-44 2
-2 35
-45 2
-26 16
-18 20
35 4
30 -35
35 3
-20 -35
-29 -32
-25 17
38 -30
31 -32
33 21
-4 -52
-3 35
-46 2
-2 32
35 7
-40 -6
10 -42
2 -54
5 -47
2 40
38 -31
36 -29
23 27
-41 -1
39 -31
25 -1
-4 35
31 -33
-32 -31
3 40
24 -33
4 38
-31 -29
-37 8
38 -28
31 4
-20 -36
-21 15
26 27
34 20
38 -32
-28 7
27 27
3 41
-2 39
28 8
-46 1
-40 -9
3 -53
11 -42
-42 0
2 -55
-41 -8
3 -54
28 18
-2 40
-16 21
32 -33
-29 -26
-27 -24
4 41
34 19
-19 20
39 -32
29 18
5 34
-19 19
13 -37
27 0
-38 8
-19 -35
22 27
25 28
-41 -6
-47 1
18 25
5 41
-30 -32
-26 15
31 9
-31 -28
3 42
35 20
24 28
-7 27
4 42
-4 -53
-47 0
-4 34
-32 -28
-24 17
-48 0
-33 -31
-10 -43
-36 11
-8 -42
35 19
-45 3
-9 -43
-45 4
37 6
-19 21
-37 -13
25 29
-42 -8
13 -40
33 -31
-32 -30
4 39
-34 -31
22 28
35 8
-42 -9
33 -33
31 22
-4 -49
14 -37
38 -33
-4 36
14 -38
26 -2
-7 28
-34 9
-42 -10
36 7
-31 -32
29 24
39 -28
-20 -37
29 -35
16 -30
-30 -33
-37 -14
-32 -32
-38 -13
33 -34
-31 -33
38 -25
25 30
7 -45
-48 -1
40 -31
-19 -36
-47 2
38 6
-46 3
27 28
27 29
24 30
2 -52
36 8
2 -56
24 31
-25 -31
35 18
14 -39
30 -36
33 22
40 -28
-3 40
-24 -31
36 4
-5 34
36 19
21 28
-36 12
0 40
39 -33
-33 -28
40 -29
6 -46
-1 -54
2 -57
2 -58
32 -34
26 30
24 -34
-5 -53
-35 -31
-35 -30
41 -28
-13 21
-49 0
-31 -34
-6 -53
-25 18
-18 -36
6 41
1 -58
-7 -53
15 -37
-50 0
-5 -54
0 -58
12 -42
-43 -10
35 2
-51 0
-50 -1
1 -59
6 32
-36 -15
4 -53
39 -25
13 -41
41 -27
-36 -31
5 39
-44 4
38 7
-50 -2
-5 -55
35 1
14 -41
35 17
6 39
7 39
-4 40
28 27
38 5
23 -32
-26 17
-4 41
-44 5
36 9
37 19
-5 -56
-40 -10
-31 -35
-35 -29
-6 -56
-35 12
35 16
24 32
-22 -34
-46 4
3 -47
-34 -28
41 -29
-44 -10
-51 1
38 8
36 1
-9 27
36 17
-42 -7
4 43
36 16
-5 -57
-1 -58
38 9
3 -58
-38 -14
-24 18
-52 1
32 21
3 -59
42 -27
-50 1
-53 1
-53 0
-31 -36
5 42
4 -58
-3 39
37 17
43 -27
43 -26
28 0
3 -56
-25 -32
38 17
-2 41
34 -31
-53 2
-35 -15
-37 11
-36 -29
-6 -57
-7 -57
41 -31
-52 2
-37 -31
35 21
31 23
-53 -1
0 -59
2 41
24 33
-39 -14
43 -28
44 -27
-8 -43
-5 -52
-50 -3
-6 -58
39 17
-20 20
29 27
-50 -4
30 -37
23 33
8 -45
40 -25
40 17
45 -27
-13 -21
39 5
43 -25
-27 17
38 19
40 -24
37 -33
24 34
1 -60
-54 1
-30 -26
5 -58
45 -26
-50 -5
-51 -4
33 -35
6 34
-4 42
-19 -37
-55 1
-19 18
39 9
-52 -1
-55 0
5 -59
46 -27
5 -57
40 -33
28 -34
-13 26
3 43
44 -25
39 7
-55 -1
-4 39
-40 -14
40 7
-44 -11
43 -29
40 9
41 -24
15 -39
4 -54
31 24
40 10
-5 -58
-5 33
-2 42
-52 -4
-40 -15
4 44
-32 -33
-14 22
-25 19
22 -14
5 44
39 19
7 41
-56 0
8 41
46 -26
-41 -15
44 -29
-45 5
-25 -11
-33 9
-43 5
-3 25
-7 -52
14 -42
-25 -33
-34 11
41 10
40 -32
-53 -2
26 31
-9 -44
-4 -58
-38 11
-28 17
-1 42
5 -60
-5 39
-52 3
-19 -38
-47 3
7 34
36 3
41 17
-39 11
25 34
-53 3
-40 11
-53 -4
-41 11
-6 39
-34 -27
-32 -35
37 3
2 -60
39 -34
2 -61
7 29
-37 12
-8 -53
-44 -12
-18 21
-12 27
5 -61
8 42
-32 -36
41 -23
-1 43
39 16
-38 -31
-52 4
-2 43
26 -3
-8 -54
-9 -53
26 34
38 20
-37 10
-4 -59
20 28
31 -37
-50 2
-42 11
-48 -2
1 -61
-51 4
-55 2
-5 38
-3 43
38 -34
-1 44
34 -35
27 -2
5 45
-20 -38
-35 -28
28 29
40 5
34 22
-57 0
-3 44
-28 18
29 -37
-11 -43
1 -62
14 -43
-42 -15
-38 -3
-33 -27
41 -22
-10 -53
-5 42
23 34
-10 -54
15 -42
39 10
39 -35
25 35
38 21
46 -28
-52 -5
-2 44
-52 5
-55 3
5 -62
40 -34
43 -30
-58 0
5 -48
34 -36
22 33
5 -49
43 -24
28 -2
-7 39
-42 10
-41 12
20 -30
30 -38
5 46
-43 11
-8 -57
46 -29
-31 -37
-43 12
-21 -36
-33 -35
0 44
4 -62
38 3
-6 42
-29 18
-2 45
5 47
33 -23
-35 -32
41 16
-20 -39
39 20
-7 -58
39 -24
-37 -32
34 -34
-53 -5
-6 34
-11 -53
45 -25
-37 13
-21 20
-7 34
17 25
32 -37
6 -58
-6 -59
-59 0
4 47
-33 -36
41 5
-29 19
14 -44
-4 44
-6 33
-6 -60
29 29
-6 -61
-52 6
-33 -37
9 -45
-54 -2
-9 -57
5 -63
-3 45
40 20
41 4
-37 -33
25 36
47 -27
6 -48
-30 18
-58 -1
44 -24
6 -49
16 -37
-38 13
39 21
-8 39
47 -29
-53 4
40 -35
48 -29
33 -37
48 -27
-59 -1
47 -30
-37 14
41 11
1 -63
-38 -15
-32 9
9 42
49 -27
4 48
8 39
43 -31
42 17
-51 6
49 -28
8 43
-20 21
22 34
-56 3
-53 6
10 42
-57 -1
-37 -34
15 -43
-53 -6
32 -22
34 1
-5 44
26 35
-38 -16
29 28
6 -63
-9 39
32 -38
42 11
7 -63
-10 -52
-31 18
-7 -61
15 -44
40 21
-31 -26
49 -26
4 49
-21 -39
-60 -1
46 -30
42 16
-3 46
32 24
7 -64
-12 -53
50 -28
50 -26
-2 46
-3 47
-5 -59
50 -29
-43 -7
6 -59
-10 -51
7 -58
47 -31
42 5
-32 18
21 33
8 -63
11 42
-5 -61
-53 -7
-6 -62
-60 -2
29 30
30 -39
6 -50
39 -36
29 -39
6 47
3 48
40 4
51 -29
-61 -1
-58 -2
-1 45
-12 -54
36 10
30 -40
16 -44
41 -33
43 11
-28 -24
-10 27
6 46
6 -57
41 20
-45 6
51 -30
-41 -16
-4 47
25 37
26 36
8 38
-53 7
-28 16
24 37
43 -23
-9 38
3 49
11 43
6 -64
-19 22
24 38
-38 -34
51 -26
-57 3
23 38
41 6
43 17
-62 -1
31 -39
-37 -30
-44 11
-9 -45
3 50
-33 -38
12 42
24 35
41 3
41 9
-10 38
-31 19
6 48
-8 -45
32 25
6 -60
26 32
32 -21
-14 24
51 -31
-15 24
7 -65
2 49
44 17
-53 8
-13 -54
-22 20
-6 43
33 -38
-5 47
-54 -4
39 -37
27 34
41 18
-31 20
-9 40
23 39
8 37
-37 -35
51 -32
-44 12
40 -37
42 3
-8 -61
30 29
-39 -31
12 41
-54 7
34 -37
-12 -52
-20 22
38 16
7 -57
-53 -8
5 -64
52 -30
51 -33
52 -33
-31 21
27 35
-58 3
6 -65
-59 1
39 -38
-50 -6
-25 -34
-38 -35
-54 -8
-9 41
-45 7
-37 -16
2 50
-10 41
0 -60
-54 -6
-40 -31
52 -31
6 -51
-39 -35
39 -39
8 -65
-62 0
-44 13
36 0
52 -34
6 49
52 -35
7 46
44 11
36 21
-11 41
-45 13
-59 -2
-5 -62
-11 38
-32 20
-55 -4
-54 8
47 -32
45 17
-55 -8
23 40
4 -64
43 12
-10 -57
-33 -39
-4 -60
41 -37
9 -46
30 -41
45 16
-62 1
-35 -27
53 -33
39 3
-59 2
45 11
7 43
8 -66
45 18
1 50
24 40
-52 8
8 -67
9 -44
-55 -9
8 -68
44 16
2 51
-34 -26
39 -40
-14 -54
-30 21
-32 21
-34 -39
12 43
1 -64
12 44
9 -65
52 -26
33 -39
22 39
48 -32
12 45
-33 -40
23 41
53 -32
-54 9
46 17
46 -32
10 -65
-2 47
53 -26
30 30
50 -33
-40 -35
11 -65
-12 41
51 -35
-49 -5
54 -26
-28 19
52 -36
-3 48
54 -33
-35 -39
46 11
27 33
-8 -60
49 -25
-56 -8
-52 -7
-55 -5
-57 -8
-41 -31
5 49
11 44
0 -61
-12 38
-62 -2
0 50
-40 -34
46 10
-60 2
-60 -3
54 -25
47 10
-56 -5
2 52
9 -68
9 -69
54 -24
46 18
-61 2
24 41
-63 -2
12 46
-61 -3
-33 21
2 -64
54 -23
-55 9
-41 -35
0 -63
-8 -59
-20 -40
25 40
1 52
-15 -54
55 -23
20 -31
-19 23
-58 -8
38 -40
53 -36
40 -22
0 51
-42 -35
27 36
-25 -35
-42 -34
-63 1
54 -36
48 -25
23 42
9 -70
-62 2
-55 10
22 42
55 -22
41 -38
10 -69
26 37
-56 -9
47 17
-43 -15
13 42
1 53
43 5
-45 -11
39 -41
53 -30
22 43
-43 13
47 11
-14 -53
-34 -40
28 33
-54 10
11 -66
38 22
39 -42
55 -36
-35 -40
-56 9
-43 -34
3 52
-55 11
-8 -62
38 23
30 -42
43 4
-51 7
7 -51
-62 3
21 43
46 9
7 -60
25 39
-9 42
-44 -34
38 -39
5 50
53 -23
-36 -27
33 23
-62 -3
-13 41
37 -39
-30 -37
-22 21
-63 -3
30 31
-35 -26
1 -65
-12 39
56 -23
52 -37
55 -21
50 -35
31 -42
52 -38
20 43
54 -37
-35 -41
-42 -16
-56 4
54 -38
48 10
20 44
-21 -40
56 -21
-63 -4
-39 13
7 -68
-31 22
46 16
-41 -30
55 -20
-6 47
-12 42
56 -24
47 12
56 -36
53 -22
-35 -42
-54 11
7 -69
-40 -36
-5 48
54 -20
-7 47
-29 21
-64 -2
-20 23
33 25
1 54
1 55
-8 47
-8 -63
-29 22
57 -23
7 48
28 34
48 12
0 53
-40 13
-63 2
6 -69
-38 -36
11 -67
12 -65
-8 48
53 -37
-13 -55
55 -26
-31 23
-56 10
58 -23
2 55
-64 -3
-65 -2
-43 -16
7 -70
57 -22
9 -71
3 53
-16 24
39 -23
11 -69
-10 42
-4 48
52 -39
-44 -33
-64 2
31 -25
10 -71
57 -36
-29 23
-45 -33
-32 22
9 -72
-58 -9
1 56
19 44
-45 14
41 -21
-64 1
57 -35
18 44
-29 24
59 -23
49 12
45 19
-56 -10
12 -69
41 21
-59 -9
-65 -3
-13 42
-9 48
49 13
-6 -63
19 45
13 -65
-1 53
-53 -9
-65 -4
-58 -7
-58 -10
45 9
-21 -41
-46 -11
-1 -63
-65 2
-12 43
24 42
-53 -10
49 14
-65 -5
56 -37
53 -27
21 44
-28 23
-66 2
33 -21
57 -37
-37 -29
11 -64
-13 43
-12 44
-32 23
-45 -34
-56 11
7 -71
-14 42
11 45
29 34
-66 3
-2 53
-9 -60
37 23
-9 -61
-19 24
39 -43
-45 12
-66 -2
50 -36
46 19
-41 -29
8 -72
-28 24
-10 48
49 10
-1 54
14 -65
51 -37
3 55
-8 49
47 18
25 42
-4 49
-40 -37
57 -34
-66 -5
-66 -1
-42 -36
-66 4
-45 15
58 -36
25 43
58 -34
-32 -40
-65 4
-14 43
8 48
3 56
-6 -64
0 -65
52 -40
13 -69
59 -36
58 -33
59 -22
54 -30
-8 50
14 -69
-36 -41
-11 -57
-42 -30
48 -30
57 -38
48 9
48 18
-66 5
-44 -35
-15 -53
-66 -6
-46 14
-66 0
-15 43
-9 50
-61 3
-67 -2
6 -71
51 -40
2 -65
0 -66
10 -70
49 18
49 15
-67 4
44 4
57 -24
-67 -1
-45 -35
9 48
-58 -11
10 -72
-10 50
48 8
1 57
-64 3
-5 -63
30 -43
-68 -2
46 20
-22 -41
10 -73
-58 4
-10 51
28 36
6 -72
-19 -40
-54 12
13 -68
6 -73
-41 -28
-54 13
-66 -7
-67 -5
-66 6
58 -32
-33 23
-60 3
54 -19
-10 -58
-54 14
-13 44
-67 3
-68 -1
13 41
28 -3
-8 -64
8 -57
-57 10
39 -44
39 -45
14 -64
45 -24
-11 37
59 -37
-16 -54
25 44
41 -35
51 -41
4 56
-46 15
-64 4
44 5
-35 -43
-9 51
10 -74
60 -36
-15 42
11 -63
10 -75
11 -62
-58 10
54 -18
-11 -56
-9 -63
4 57
-8 -65
13 -70
60 -23
5 57
-46 -34
-55 13
50 18
21 42
3 57
25 45
-9 -58
26 39
38 24
15 -69
7 49
-9 -65
-3 53
50 19
-10 -60
-68 4
-68 5
13 44
1 58
17 44
-53 12
-36 -40
-32 24
-66 -8
15 -68
-15 44
59 -32
53 -19
-6 -65
29 1
59 -24
26 44
-29 -37
-37 15
50 15
58 -31
-11 50
60 -24
56 -20
5 -73
-33 -41
-14 -55
-34 21
-7 50
-9 52
-11 49
-66 -9
49 8
0 58
-22 -36
10 -76
-34 23
31 29
-41 -37
-8 -66
-40 14
-32 -41
-31 -40
14 -66
-12 -40
15 -64
6 -74
60 -25
-56 13
14 -70
-59 -8
58 -38
61 -23
-35 23
19 46
-9 -62
-59 -10
0 55
-17 -54
-54 15
38 -44
24 45
25 46
-68 -3
6 57
-34 24
51 19
-10 -45
-5 49
-43 -36
6 -75
-53 13
-56 -11
-35 24
-65 -8
50 8
51 20
-65 6
-15 -55
34 23
-69 4
-10 -61
-22 -39
51 -42
50 -41
-46 -35
-67 -7
-35 25
-53 15
-17 -55
-68 3
-45 -32
61 -36
-17 -53
53 -21
-10 52
40 -43
4 -73
62 -23
30 -44
-47 -35
51 -43
7 57
-54 -10
59 -34
50 20
4 -74
-47 -36
-16 43
17 45
10 -77
12 47
-57 13
-4 53
-11 40
39 -46
0 56
7 -50
-67 -8
-68 0
49 7
51 15
61 -24
-60 -8
30 34
-28 25
10 -78
-53 11
10 -79
24 46
31 34
-68 -7
-36 -43
-70 4
52 -41
60 -26
5 58
50 7
5 59
-57 11
-9 53
-48 -35
-68 6
-10 37
-57 14
59 -21
-16 25
-31 -41
-69 -7
59 -20
-70 -7
-45 16
61 -37
40 -46
17 -37
9 -78
-71 4
-68 -4
11 -72
-9 54
50 -43
-71 -7
-36 25
61 -22
-44 -16
-64 -8
24 47
60 -20
-69 0
-47 15
-56 14
-3 54
-68 -5
8 -78
-16 42
16 -69
32 34
-58 -12
5 -75
7 -78
24 48
9 -57
-8 -67
28 37
-15 -56
49 -43
-8 -68
62 -37
46 21
-64 6
-9 55
63 -37
32 33
51 -44
50 12
-63 6
-58 -13
25 48
43 -32
-52 15
-61 -8
4 58
60 -35
-12 49
-36 -44
41 -46
-6 -66
7 -79
11 -74
61 -21
-10 54
11 -76
11 -78
10 -80
26 48
-13 -56
-48 -36
44 19
61 -20
50 9
-70 -8
10 -81
-71 -6
-43 -30
27 48
12 -76
-57 15
-48 -37
-66 7
-6 -67
-5 -67
4 59
-72 4
-59 -11
62 -38
16 -68
-8 -69
-36 23
63 -36
-43 -37
-5 36
-8 -70
5 60
11 -81
14 -63
17 -68
63 -35
61 -19
-17 -56
6 -78
-72 -7
-67 7
62 -19
14 44
16 -64
-44 -30
40 -47
8 57
-58 14
26 49
-52 16
0 59
51 21
-17 -52
-49 -37
-18 -54
62 -18
-7 -68
52 21
-50 -37
9 -81
-31 24
24 49
-52 17
39 24
-73 4
9 -82
52 15
-37 -41
33 34
-58 -14
52 -44
-50 -38
8 -81
55 -18
62 -17
63 -38
-36 -45
23 49
30 -45
17 -69
53 21
-9 -70
-9 -64
11 -77
62 -16
-11 54
51 22
-51 -38
-49 -35
-1 58
59 -38
56 -18
-51 -39
33 35
62 -39
58 -20
46 22
60 -27
39 23
-32 25
64 -37
12 48
5 -78
9 57
34 34
31 -45
11 -80
13 48
41 -47
2 58
-72 -8
62 -40
49 -44
-8 54
-57 16
-66 -10
-9 -71
-17 42
63 -40
17 -64
-52 -38
63 -19
-9 -72
-35 -25
4 -65
49 6
-9 -73
-51 -37
34 33
42 -47
60 -28
4 -78
11 -82
58 -39
-72 3
-11 52
-13 -57
45 4
28 48
-44 16
-32 26
40 24
-72 -6
12 -77
-73 5
64 -36
-52 -39
63 -41
3 -78
54 21
-72 2
-10 -46
-58 11
62 -41
-13 49
52 16
-12 54
-48 15
-18 -52
9 -83
52 -45
-73 2
61 -28
-53 -39
-57 -14
-13 54
-9 56
-3 55
26 50
54 20
52 -46
3 -73
-33 25
62 -15
62 -42
5 61
47 22
3 -74
10 -82
42 -46
25 50
50 -37
55 20
62 -28
-74 2
-18 -53
11 -83
17 46
-66 8
31 -46
14 -45
35 34
-67 8
